0.000000000000000000e+00 0.000000000000000000e+00 -2.199581958929286429e-01 5.325812143554031763e-01 -1.669975262461864673e-01 -2.120576356326893119e+00 1.273338783387734097e-01 2.554723808604109081e+00 2.131327970327934196e-01 0.000000000000000000e+00
0.000000000000000000e+00 0.000000000000000000e+00 -2.199581958929286429e-01 5.325812143554031763e-01 -1.669975262461864673e-01 -2.120576356326893119e+00 1.273338783387734097e-01 2.554723808604109081e+00 2.131327970327934196e-01 2.899999999999636202e-01
0.000000000000000000e+00 0.000000000000000000e+00 -2.199581958929286429e-01 5.325812143554031763e-01 -1.669975262461864673e-01 -2.120576356326893119e+00 1.273338783387734097e-01 2.554723808604109081e+00 2.131327970327934196e-01 3.500000000003637979e-01
0.000000000000000000e+00 0.000000000000000000e+00 -2.199581958929286429e-01 5.325812143554031763e-01 -1.669975262461864673e-01 -2.120576356326893119e+00 1.273338783387734097e-01 2.554723808604109081e+00 2.131327970327934196e-01 3.900000000003274181e-01
0.000000000000000000e+00 0.000000000000000000e+00 -2.199581958929286429e-01 5.325812143554031763e-01 -1.669975262461864673e-01 -2.120576356326893119e+00 1.273338783387734097e-01 2.554723808604109081e+00 2.131327970327934196e-01 4.300000000002910383e-01
0.000000000000000000e+00 0.000000000000000000e+00 -2.199581958929286429e-01 5.325812143554031763e-01 -1.669975262461864673e-01 -2.120576356326893119e+00 1.273338783387734097e-01 2.554723808604109081e+00 2.131327970327934196e-01 4.600000000000363798e-01
0.000000000000000000e+00 0.000000000000000000e+00 -2.199581958929286429e-01 5.325812143554031763e-01 -1.669975262461864673e-01 -2.120576356326893119e+00 1.273338783387734097e-01 2.554723808604109081e+00 2.131327970327934196e-01 5.000000000000000000e-01
0.000000000000000000e+00 0.000000000000000000e+00 -2.199581958929286429e-01 5.325812143554031763e-01 -1.669975262461864673e-01 -2.120576356326893119e+00 1.273338783387734097e-01 2.554723808604109081e+00 2.131327970327934196e-01 5.399999999999636202e-01
0.000000000000000000e+00 0.000000000000000000e+00 -2.199581958929286429e-01 5.325812143554031763e-01 -1.669975262461864673e-01 -2.120576356326893119e+00 1.273338783387734097e-01 2.554723808604109081e+00 2.131327970327934196e-01 5.799999999999272404e-01
0.000000000000000000e+00 0.000000000000000000e+00 -2.199581958929286429e-01 5.325812143554031763e-01 -1.669975262461864673e-01 -2.120576356326893119e+00 1.273338783387734097e-01 2.554723808604109081e+00 2.131327970327934196e-01 6.199999999998908606e-01
0.000000000000000000e+00 0.000000000000000000e+00 -2.199582053027491213e-01 5.325812329596733008e-01 -1.669975261620049167e-01 -2.120576432506732445e+00 1.273338800735750453e-01 2.554723698184421465e+00 2.131328000261243361e-01 6.500000000005456968e-01
0.000000000000000000e+00 0.000000000000000000e+00 -2.199581958929286429e-01 5.325812143554031763e-01 -1.669975262461864673e-01 -2.120576356326893119e+00 1.273338783387734097e-01 2.554723808604109081e+00 2.131327970327934196e-01 6.900000000005093170e-01
0.000000000000000000e+00 0.000000000000000000e+00 -2.199581958929286429e-01 5.325812143554031763e-01 -1.669975262461864673e-01 -2.120576356326893119e+00 1.273338783387734097e-01 2.554723808604109081e+00 2.131327970327934196e-01 7.100000000000363798e-01
0.000000000000000000e+00 0.000000000000000000e+00 -2.199581958929286429e-01 5.325812143554031763e-01 -1.669975262461864673e-01 -2.120576356326893119e+00 1.273338783387734097e-01 2.554723808604109081e+00 2.131327970327934196e-01 7.500000000000000000e-01
0.000000000000000000e+00 0.000000000000000000e+00 -2.199582053027491213e-01 5.325812329596733008e-01 -1.669975261620049167e-01 -2.120576432506732445e+00 1.273338800735750453e-01 2.554723698184421465e+00 2.131328000261243361e-01 7.899999999999636202e-01
0.000000000000000000e+00 0.000000000000000000e+00 -2.199581958929286429e-01 5.325812143554031763e-01 -1.669975262461864673e-01 -2.120576356326893119e+00 1.273338783387734097e-01 2.554723808604109081e+00 2.131327970327934196e-01 8.299999999999272404e-01
0.000000000000000000e+00 0.000000000000000000e+00 -2.199581958929286429e-01 5.325812143554031763e-01 -1.669975262461864673e-01 -2.120576356326893119e+00 1.273338783387734097e-01 2.554723808604109081e+00 2.131327970327934196e-01 8.500000000003637979e-01
0.000000000000000000e+00 0.000000000000000000e+00 -2.199581958929286429e-01 5.325812143554031763e-01 -1.669975262461864673e-01 -2.120576356326893119e+00 1.273338783387734097e-01 2.554723808604109081e+00 2.131327970327934196e-01 8.900000000003274181e-01
0.000000000000000000e+00 0.000000000000000000e+00 -2.199581958929286429e-01 5.325812143554031763e-01 -1.669975262461864673e-01 -2.120576356326893119e+00 1.273338783387734097e-01 2.554723808604109081e+00 2.131327970327934196e-01 9.300000000002910383e-01
0.000000000000000000e+00 0.000000000000000000e+00 -2.199582053027491213e-01 5.325812329596733008e-01 -1.669975261620049167e-01 -2.120576432506732445e+00 1.273338800735750453e-01 2.554723698184421465e+00 2.131328000261243361e-01 9.600000000000363798e-01
0.000000000000000000e+00 0.000000000000000000e+00 -2.199581958929286429e-01 5.325812143554031763e-01 -1.669975262461864673e-01 -2.120576356326893119e+00 1.273338783387734097e-01 2.554723808604109081e+00 2.131327970327934196e-01 1.000000000000000000e+00
0.000000000000000000e+00 0.000000000000000000e+00 -2.199582053027491213e-01 5.325812329596733008e-01 -1.669975261620049167e-01 -2.120576432506732445e+00 1.273338800735750453e-01 2.554723698184421465e+00 2.131328000261243361e-01 1.039999999999963620e+00
0.000000000000000000e+00 0.000000000000000000e+00 -2.199582053027491213e-01 5.325812329596733008e-01 -1.669975261620049167e-01 -2.120576432506732445e+00 1.273338800735750453e-01 2.554723698184421465e+00 2.131328000261243361e-01 1.079999999999927240e+00
0.000000000000000000e+00 0.000000000000000000e+00 -2.199581958929286429e-01 5.325812143554031763e-01 -1.669975262461864673e-01 -2.120576356326893119e+00 1.273338783387734097e-01 2.554723808604109081e+00 2.131327970327934196e-01 1.110000000000582077e+00
0.000000000000000000e+00 0.000000000000000000e+00 -2.199581958929286429e-01 5.325812143554031763e-01 -1.669975262461864673e-01 -2.120576356326893119e+00 1.273338783387734097e-01 2.554723808604109081e+00 2.131327970327934196e-01 1.159999999999854481e+00
0.000000000000000000e+00 0.000000000000000000e+00 -2.199581958929286429e-01 5.325812143554031763e-01 -1.669975262461864673e-01 -2.120576356326893119e+00 1.273338783387734097e-01 2.554723808604109081e+00 2.131327970327934196e-01 1.190000000000509317e+00
0.000000000000000000e+00 0.000000000000000000e+00 -2.199581958929286429e-01 5.325812143554031763e-01 -1.669975262461864673e-01 -2.120576356326893119e+00 1.273338783387734097e-01 2.554723808604109081e+00 2.131327970327934196e-01 1.230000000000472937e+00
0.000000000000000000e+00 0.000000000000000000e+00 -2.199581958929286429e-01 5.325812143554031763e-01 -1.669975262461864673e-01 -2.120576356326893119e+00 1.273338783387734097e-01 2.554723808604109081e+00 2.131327970327934196e-01 1.270000000000436557e+00
0.000000000000000000e+00 0.000000000000000000e+00 -2.199581958929286429e-01 5.325812143554031763e-01 -1.669975262461864673e-01 -2.120576356326893119e+00 1.273338783387734097e-01 2.554723808604109081e+00 2.131327970327934196e-01 1.300000000000181899e+00
0.000000000000000000e+00 0.000000000000000000e+00 -2.199581958929286429e-01 5.325812143554031763e-01 -1.669975262461864673e-01 -2.120576356326893119e+00 1.273338783387734097e-01 2.554723808604109081e+00 2.131327970327934196e-01 1.350000000000363798e+00
0.000000000000000000e+00 0.000000000000000000e+00 -2.199582053027491213e-01 5.325812329596733008e-01 -1.669975261620049167e-01 -2.120576432506732445e+00 1.273338800735750453e-01 2.554723698184421465e+00 2.131328000261243361e-01 1.390000000000327418e+00
0.000000000000000000e+00 0.000000000000000000e+00 -2.199581958929286429e-01 5.325812143554031763e-01 -1.669975262461864673e-01 -2.120576356326893119e+00 1.273338783387734097e-01 2.554723808604109081e+00 2.131327970327934196e-01 1.420000000000072760e+00
0.000000000000000000e+00 0.000000000000000000e+00 -2.199581958929286429e-01 5.325812143554031763e-01 -1.669975262461864673e-01 -2.120576356326893119e+00 1.273338783387734097e-01 2.554723808604109081e+00 2.131327970327934196e-01 1.449999999999818101e+00
0.000000000000000000e+00 0.000000000000000000e+00 -2.199581958929286429e-01 5.325812143554031763e-01 -1.669975262461864673e-01 -2.120576356326893119e+00 1.273338783387734097e-01 2.554723808604109081e+00 2.131327970327934196e-01 1.490000000000691216e+00
0.000000000000000000e+00 0.000000000000000000e+00 -2.199581958929286429e-01 5.325812143554031763e-01 -1.669975262461864673e-01 -2.120576356326893119e+00 1.273338783387734097e-01 2.554723808604109081e+00 2.131327970327934196e-01 1.539999999999963620e+00
0.000000000000000000e+00 0.000000000000000000e+00 -2.199581958929286429e-01 5.325812143554031763e-01 -1.669975262461864673e-01 -2.120576356326893119e+00 1.273338783387734097e-01 2.554723808604109081e+00 2.131327970327934196e-01 1.579999999999927240e+00
0.000000000000000000e+00 0.000000000000000000e+00 -2.199581958929286429e-01 5.325812143554031763e-01 -1.669975262461864673e-01 -2.120576356326893119e+00 1.273338783387734097e-01 2.554723808604109081e+00 2.131327970327934196e-01 1.600000000000363798e+00
0.000000000000000000e+00 0.000000000000000000e+00 -2.199581958929286429e-01 5.325812143554031763e-01 -1.669975262461864673e-01 -2.120576356326893119e+00 1.273338783387734097e-01 2.554723808604109081e+00 2.131327970327934196e-01 1.640000000000327418e+00
0.000000000000000000e+00 0.000000000000000000e+00 -2.199581958929286429e-01 5.325812143554031763e-01 -1.669975262461864673e-01 -2.120576356326893119e+00 1.273338783387734097e-01 2.554723808604109081e+00 2.131327970327934196e-01 1.670000000000072760e+00
0.000000000000000000e+00 0.000000000000000000e+00 -2.199581958929286429e-01 5.325812143554031763e-01 -1.669975262461864673e-01 -2.120576356326893119e+00 1.273338783387734097e-01 2.554723808604109081e+00 2.131327970327934196e-01 1.710000000000036380e+00
0.000000000000000000e+00 0.000000000000000000e+00 -2.199582053027491213e-01 5.325812329596733008e-01 -1.669975261620049167e-01 -2.120576432506732445e+00 1.273338800735750453e-01 2.554723698184421465e+00 2.131328000261243361e-01 1.740000000000691216e+00
0.000000000000000000e+00 0.000000000000000000e+00 -2.199582053027491213e-01 5.325812329596733008e-01 -1.669975261620049167e-01 -2.120576432506732445e+00 1.273338800735750453e-01 2.554723698184421465e+00 2.131328000261243361e-01 1.780000000000654836e+00
0.000000000000000000e+00 0.000000000000000000e+00 -2.199581958929286429e-01 5.325812143554031763e-01 -1.669975262461864673e-01 -2.120576356326893119e+00 1.273338783387734097e-01 2.554723808604109081e+00 2.131327970327934196e-01 1.820000000000618456e+00
0.000000000000000000e+00 0.000000000000000000e+00 -2.199581958929286429e-01 5.325812143554031763e-01 -1.669975262461864673e-01 -2.120576356326893119e+00 1.273338783387734097e-01 2.554723808604109081e+00 2.131327970327934196e-01 1.860000000000582077e+00
0.000000000000000000e+00 0.000000000000000000e+00 -2.199582053027491213e-01 5.325812329596733008e-01 -1.669975261620049167e-01 -2.120576432506732445e+00 1.273338800735750453e-01 2.554723698184421465e+00 2.131328000261243361e-01 1.890000000000327418e+00
0.000000000000000000e+00 0.000000000000000000e+00 -2.199581958929286429e-01 5.325812143554031763e-01 -1.669975262461864673e-01 -2.120576356326893119e+00 1.273338783387734097e-01 2.554723808604109081e+00 2.131327970327934196e-01 1.909999999999854481e+00
0.000000000000000000e+00 0.000000000000000000e+00 -2.199581958929286429e-01 5.325812143554031763e-01 -1.669975262461864673e-01 -2.120576356326893119e+00 1.273338783387734097e-01 2.554723808604109081e+00 2.131327970327934196e-01 1.960000000000036380e+00
0.000000000000000000e+00 0.000000000000000000e+00 -2.199581958929286429e-01 5.325812143554031763e-01 -1.669975262461864673e-01 -2.120576356326893119e+00 1.273338783387734097e-01 2.554723808604109081e+00 2.131327970327934196e-01 1.990000000000691216e+00
0.000000000000000000e+00 0.000000000000000000e+00 -2.199582053027491213e-01 5.325812329596733008e-01 -1.669975261620049167e-01 -2.120576432506732445e+00 1.273338800735750453e-01 2.554723698184421465e+00 2.131328000261243361e-01 2.020000000000436557e+00
0.000000000000000000e+00 0.000000000000000000e+00 -2.199581958929286429e-01 5.325812143554031763e-01 -1.669975262461864673e-01 -2.120576356326893119e+00 1.273338783387734097e-01 2.554723808604109081e+00 2.131327970327934196e-01 2.050000000000181899e+00
0.000000000000000000e+00 0.000000000000000000e+00 -2.199581958929286429e-01 5.325812143554031763e-01 -1.669975262461864673e-01 -2.120576356326893119e+00 1.273338783387734097e-01 2.554723808604109081e+00 2.131327970327934196e-01 2.079999999999927240e+00
0.000000000000000000e+00 0.000000000000000000e+00 -2.199581958929286429e-01 5.325812143554031763e-01 -1.669975262461864673e-01 -2.120576356326893119e+00 1.273338783387734097e-01 2.554723808604109081e+00 2.131327970327934196e-01 2.119999999999890861e+00
0.000000000000000000e+00 0.000000000000000000e+00 -2.199581958929286429e-01 5.325812143554031763e-01 -1.669975262461864673e-01 -2.120576356326893119e+00 1.273338783387734097e-01 2.554723808604109081e+00 2.131327970327934196e-01 2.140000000000327418e+00
0.000000000000000000e+00 0.000000000000000000e+00 -2.199581958929286429e-01 5.325812143554031763e-01 -1.669975262461864673e-01 -2.120576356326893119e+00 1.273338783387734097e-01 2.554723808604109081e+00 2.131327970327934196e-01 2.170000000000072760e+00
0.000000000000000000e+00 0.000000000000000000e+00 -2.199581958929286429e-01 5.325812143554031763e-01 -1.669975262461864673e-01 -2.120576356326893119e+00 1.273338783387734097e-01 2.554723808604109081e+00 2.131327970327934196e-01 2.199999999999818101e+00
0.000000000000000000e+00 0.000000000000000000e+00 -2.199581958929286429e-01 5.325812143554031763e-01 -1.669975262461864673e-01 -2.120576356326893119e+00 1.273338783387734097e-01 2.554723808604109081e+00 2.131327970327934196e-01 2.250000000000000000e+00
0.000000000000000000e+00 0.000000000000000000e+00 -2.199581958929286429e-01 5.325812143554031763e-01 -1.669975262461864673e-01 -2.120576356326893119e+00 1.273338783387734097e-01 2.554723808604109081e+00 2.131327970327934196e-01 2.289999999999963620e+00
0.000000000000000000e+00 0.000000000000000000e+00 -2.199581958929286429e-01 5.325812143554031763e-01 -1.669975262461864673e-01 -2.120576356326893119e+00 1.273338783387734097e-01 2.554723808604109081e+00 2.131327970327934196e-01 2.300000000000181899e+00
0.000000000000000000e+00 0.000000000000000000e+00 -2.199581958929286429e-01 5.325812143554031763e-01 -1.669975262461864673e-01 -2.120576356326893119e+00 1.273338783387734097e-01 2.554723808604109081e+00 2.131327970327934196e-01 2.340000000000145519e+00
0.000000000000000000e+00 0.000000000000000000e+00 -2.199581958929286429e-01 5.325812143554031763e-01 -1.669975262461864673e-01 -2.120576356326893119e+00 1.273338783387734097e-01 2.554723808604109081e+00 2.131327970327934196e-01 2.369999999999890861e+00
0.000000000000000000e+00 0.000000000000000000e+00 -2.199581958929286429e-01 5.325812143554031763e-01 -1.669975262461864673e-01 -2.120576356326893119e+00 1.273338783387734097e-01 2.554723808604109081e+00 2.131327970327934196e-01 2.420000000000072760e+00
0.000000000000000000e+00 0.000000000000000000e+00 -2.199582053027491213e-01 5.325812329596733008e-01 -1.669975261620049167e-01 -2.120576432506732445e+00 1.273338800735750453e-01 2.554723698184421465e+00 2.131328000261243361e-01 2.460000000000036380e+00
0.000000000000000000e+00 0.000000000000000000e+00 -2.199581958929286429e-01 5.325812143554031763e-01 -1.669975262461864673e-01 -2.120576356326893119e+00 1.273338783387734097e-01 2.554723808604109081e+00 2.131327970327934196e-01 2.500000000000000000e+00
0.000000000000000000e+00 0.000000000000000000e+00 -2.199582053027491213e-01 5.325812329596733008e-01 -1.669975261620049167e-01 -2.120576432506732445e+00 1.273338800735750453e-01 2.554723698184421465e+00 2.131328000261243361e-01 2.539999999999963620e+00
0.000000000000000000e+00 0.000000000000000000e+00 -2.199581958929286429e-01 5.325812143554031763e-01 -1.669975262461864673e-01 -2.120576356326893119e+00 1.273338783387734097e-01 2.554723808604109081e+00 2.131327970327934196e-01 2.590000000000145519e+00
0.000000000000000000e+00 0.000000000000000000e+00 -2.199582053027491213e-01 5.325812329596733008e-01 -1.669975261620049167e-01 -2.120576432506732445e+00 1.273338800735750453e-01 2.554723698184421465e+00 2.131328000261243361e-01 2.619999999999890861e+00
0.000000000000000000e+00 0.000000000000000000e+00 -2.199581958929286429e-01 5.325812143554031763e-01 -1.669975262461864673e-01 -2.120576356326893119e+00 1.273338783387734097e-01 2.554723808604109081e+00 2.131327970327934196e-01 2.650000000000545697e+00
0.000000000000000000e+00 0.000000000000000000e+00 -2.199582053027491213e-01 5.325812329596733008e-01 -1.669975261620049167e-01 -2.120576432506732445e+00 1.273338800735750453e-01 2.554723698184421465e+00 2.131328000261243361e-01 2.680000000000291038e+00
0.000000000000000000e+00 0.000000000000000000e+00 -2.199581958929286429e-01 5.325812143554031763e-01 -1.669975262461864673e-01 -2.120576356326893119e+00 1.273338783387734097e-01 2.554723808604109081e+00 2.131327970327934196e-01 2.720000000000254659e+00
0.000000000000000000e+00 0.000000000000000000e+00 -2.199581958929286429e-01 5.325812143554031763e-01 -1.669975262461864673e-01 -2.120576356326893119e+00 1.273338783387734097e-01 2.554723808604109081e+00 2.131327970327934196e-01 2.760000000000218279e+00
0.000000000000000000e+00 0.000000000000000000e+00 -2.199581958929286429e-01 5.325812143554031763e-01 -1.669975262461864673e-01 -2.120576356326893119e+00 1.273338783387734097e-01 2.554723808604109081e+00 2.131327970327934196e-01 2.780000000000654836e+00
0.000000000000000000e+00 0.000000000000000000e+00 -2.199582053027491213e-01 5.325812329596733008e-01 -1.669975261620049167e-01 -2.120576432506732445e+00 1.273338800735750453e-01 2.554723698184421465e+00 2.131328000261243361e-01 2.810000000000400178e+00
0.000000000000000000e+00 0.000000000000000000e+00 -2.199581958929286429e-01 5.325812143554031763e-01 -1.669975262461864673e-01 -2.120576356326893119e+00 1.273338783387734097e-01 2.554723808604109081e+00 2.131327970327934196e-01 2.850000000000363798e+00
0.000000000000000000e+00 0.000000000000000000e+00 -2.199187478195874235e-01 5.325679318395692974e-01 -1.670321639848459938e-01 -2.120634812712367534e+00 1.273266961262642383e-01 2.554917953046071943e+00 2.136826898593646717e-01 2.880000000000109139e+00
0.000000000000000000e+00 0.000000000000000000e+00 -2.190346782130703218e-01 5.318252427963265916e-01 -1.671461306338617447e-01 -2.121835765196635748e+00 1.272865822626556565e-01 2.555680149744148366e+00 2.158332257124584430e-01 2.920000000000072760e+00
0.000000000000000000e+00 0.000000000000000000e+00 -2.187813283715822621e-01 5.318270404300484699e-01 -1.669826458337109187e-01 -2.121761596160851582e+00 1.272623391745453247e-01 2.555688938175677549e+00 2.158298634716082631e-01 2.960000000000036380e+00
0.000000000000000000e+00 0.000000000000000000e+00 -2.188580274103824053e-01 5.318480794024971203e-01 -1.670490417681236295e-01 -2.121773047753450214e+00 1.272673492463072265e-01 2.555685476066287265e+00 2.158308788017659907e-01 2.980000000000472937e+00
0.000000000000000000e+00 0.000000000000000000e+00 -2.192629444062355049e-01 5.319303377900297392e-01 -1.671034534777238179e-01 -2.121637892329175656e+00 1.272035249268022028e-01 2.555191459687904398e+00 2.143070346825837191e-01 3.010000000000218279e+00
0.000000000000000000e+00 0.000000000000000000e+00 -2.225485527966419852e-01 5.336494415498727051e-01 -1.661050676823006000e-01 -2.118561541819801164e+00 1.271057619484183832e-01 2.552592747116335659e+00 2.048223696260631499e-01 3.050000000000181899e+00
0.000000000000000000e+00 0.000000000000000000e+00 -2.396831313803993169e-01 5.341103015729409265e-01 -1.633695518555455806e-01 -2.118573925518774104e+00 1.273050745873316458e-01 2.555679084479720586e+00 1.638747701551768188e-01 3.090000000000145519e+00
0.000000000000000000e+00 0.000000000000000000e+00 -2.499566247456908030e-01 5.330903108833418003e-01 -1.653266922807272721e-01 -2.120578087381588261e+00 1.280591070322545377e-01 2.556811993198664368e+00 1.446137406812475490e-01 3.110000000000582077e+00
0.000000000000000000e+00 0.000000000000000000e+00 -2.631661866110235337e-01 5.321244156529658653e-01 -1.706612535741847125e-01 -2.122056008617079215e+00 1.285051865113873149e-01 2.556494544399185997e+00 1.353931863014112835e-01 3.140000000000327418e+00
0.000000000000000000e+00 0.000000000000000000e+00 -2.748923506040474862e-01 5.172473159309243229e-01 -1.767702807211213312e-01 -2.129712263458019450e+00 1.256319845704449989e-01 2.546262043951408316e+00 1.178524212547928940e-01 3.190000000000509317e+00
0.000000000000000000e+00 0.000000000000000000e+00 -2.775712248356754230e-01 5.003594288390544875e-01 -1.786490223725945015e-01 -2.132117564295512580e+00 1.196737615756893192e-01 2.538141902521289239e+00 1.023246570454094950e-01 3.230000000000472937e+00
0.000000000000000000e+00 0.000000000000000000e+00 -2.818639741635209361e-01 4.841351187088349661e-01 -1.818111766026753173e-01 -2.148058447508915947e+00 1.208295069008036293e-01 2.533033959590085260e+00 1.016554962148186192e-01 3.260000000000218279e+00
0.000000000000000000e+00 0.000000000000000000e+00 -2.939875155894888792e-01 4.557177586487348719e-01 -1.910216692270960692e-01 -2.158760360266498424e+00 1.146223192710493777e-01 2.516881355071660664e+00 8.298195175043154848e-02 3.310000000000400178e+00
0.000000000000000000e+00 0.000000000000000000e+00 -2.978858915578523892e-01 4.461652502600221837e-01 -1.942110441446676106e-01 -2.159334504221639861e+00 1.083969548691294804e-01 2.512459890988434807e+00 6.654338919782176731e-02 3.329999999999927240e+00
0.000000000000000000e+00 0.000000000000000000e+00 -3.034467749927642899e-01 4.254397587863332220e-01 -1.986647195300204061e-01 -2.174494156865360850e+00 1.087396914964582351e-01 2.501655838525616460e+00 6.458204457692229283e-02 3.360000000000582077e+00
0.000000000000000000e+00 0.000000000000000000e+00 -3.121149539094503211e-01 4.073578828417900866e-01 -2.058557094105228913e-01 -2.176210856332119192e+00 1.047541756652847766e-01 2.490583971091382409e+00 5.280093407803443384e-02 3.400000000000545697e+00
0.000000000000000000e+00 0.000000000000000000e+00 -3.173283913085178654e-01 3.925849289153937605e-01 -2.098311597417001906e-01 -2.179185207772533772e+00 9.962013375560019313e-02 2.472737063500574095e+00 3.767504889209849495e-02 3.430000000000291038e+00
0.000000000000000000e+00 0.000000000000000000e+00 -3.242598568278758364e-01 3.752959997427884886e-01 -2.161712922038105944e-01 -2.182217031247677852e+00 9.566149436574811205e-02 2.471412155235359620e+00 2.481656952770094904e-02 3.470000000000254659e+00
0.000000000000000000e+00 0.000000000000000000e+00 -3.323061090316414834e-01 3.538372336459261192e-01 -2.227161155621804056e-01 -2.187876167606574995e+00 8.814691129565677130e-02 2.449647190712340716e+00 5.018265143379441184e-03 3.510000000000218279e+00
0.000000000000000000e+00 0.000000000000000000e+00 -3.430414444606455504e-01 3.271278919377174077e-01 -2.320834683735917281e-01 -2.191694075315737678e+00 8.508129665434349675e-02 2.436236843147128184e+00 -1.306249815794802149e-03 3.550000000000181899e+00
0.000000000000000000e+00 0.000000000000000000e+00 -3.475790048698002010e-01 3.209078795229380887e-01 -2.361070054068292734e-01 -2.186869359564269644e+00 8.134243489467340993e-02 2.431492421701904050e+00 -1.392437406202151617e-02 3.570000000000618456e+00
0.000000000000000000e+00 0.000000000000000000e+00 -3.590677152758381396e-01 2.980228038209453700e-01 -2.457228311460202264e-01 -2.184208595339782732e+00 7.562643403466573488e-02 2.407005720932744453e+00 -3.013593951010751226e-02 3.619999999999890861e+00
0.000000000000000000e+00 0.000000000000000000e+00 -3.647638839082567586e-01 2.952209919283177442e-01 -2.486094980082231842e-01 -2.173018924632330595e+00 7.549672976820520631e-02 2.385760087185104794e+00 -3.786532758932148468e-02 3.640000000000327418e+00
0.000000000000000000e+00 0.000000000000000000e+00 -3.756959603612664012e-01 2.937662734836443690e-01 -2.548579063779055076e-01 -2.155150844911020158e+00 7.638137361882790799e-02 2.375942343902579523e+00 -5.290418566493482189e-02 3.680000000000291038e+00
0.000000000000000000e+00 0.000000000000000000e+00 -3.813882674101343184e-01 3.004416531517861699e-01 -2.556872979587154759e-01 -2.146906630346379075e+00 8.055634464837702069e-02 2.360641684610271795e+00 -7.118368215958348344e-02 3.710000000000036380e+00
0.000000000000000000e+00 0.000000000000000000e+00 -3.899198370541689940e-01 3.209456964101242704e-01 -2.574974318928635597e-01 -2.119373539629876291e+00 8.455340819610857039e-02 2.359052310084024384e+00 -8.631942520266555618e-02 3.750000000000000000e+00
0.000000000000000000e+00 0.000000000000000000e+00 -3.951762179254814100e-01 3.299662890055365949e-01 -2.586505972806918408e-01 -2.104379676492769136e+00 8.513444336243569666e-02 2.362953841050767778e+00 -8.679636406069057841e-02 3.770000000000436557e+00
0.000000000000000000e+00 0.000000000000000000e+00 -4.073531463921238327e-01 3.471260167468246394e-01 -2.614706242400846037e-01 -2.070500307307154841e+00 9.106105432290423352e-02 2.352100599307838991e+00 -1.071249868412511574e-01 3.820000000000618456e+00
0.000000000000000000e+00 0.000000000000000000e+00 -4.124590347122669698e-01 3.541282505717902040e-01 -2.649518194633326829e-01 -2.062753004238686572e+00 9.110053169162135589e-02 2.350283053314541348e+00 -1.070887442706558446e-01 3.850000000000363798e+00
0.000000000000000000e+00 0.000000000000000000e+00 -4.213152436906675291e-01 3.724882161426279481e-01 -2.658107554872568556e-01 -2.034901798932438055e+00 9.561582141633273579e-02 2.344294669333777392e+00 -1.217525751722314808e-01 3.890000000000327418e+00
0.000000000000000000e+00 0.000000000000000000e+00 -4.289628689382780635e-01 3.833673850156626983e-01 -2.658264776692931264e-01 -2.012895781362015413e+00 9.930481571907456839e-02 2.337835963270261885e+00 -1.358927942109788845e-01 3.930000000000291038e+00
0.000000000000000000e+00 0.000000000000000000e+00 -4.321527780779650385e-01 3.841602738476783685e-01 -2.681095782820523965e-01 -2.007648676568329904e+00 9.952277818563803891e-02 2.336446224032815877e+00 -1.358409823891504331e-01 3.960000000000036380e+00
0.000000000000000000e+00 0.000000000000000000e+00 -4.381257155722728669e-01 3.989297437157901527e-01 -2.676380002312761519e-01 -1.981965880038885075e+00 1.031328764957173405e-01 2.331522415160804940e+00 -1.456897076875751651e-01 3.990000000000691216e+00
0.000000000000000000e+00 0.000000000000000000e+00 -4.444653372085838328e-01 4.161633586018176345e-01 -2.673675728694302478e-01 -1.955071681662943206e+00 1.076809647134746584e-01 2.318677723006743463e+00 -1.522516533389151050e-01 4.030000000000654836e+00
0.000000000000000000e+00 0.000000000000000000e+00 -4.490225717201390410e-01 4.288216960600443883e-01 -2.669443466412246835e-01 -1.928084139491517135e+00 1.112157367890631576e-01 2.312594530491907108e+00 -1.559581576915913814e-01 4.079999999999927240e+00
0.000000000000000000e+00 0.000000000000000000e+00 -4.519550715378697348e-01 4.413053118297955990e-01 -2.658259887001150901e-01 -1.909353176287526210e+00 1.157008057384105726e-01 2.304471667609440999e+00 -1.594176985277755421e-01 4.110000000000582077e+00
0.000000000000000000e+00 0.000000000000000000e+00 -4.540004525226137844e-01 4.507571218141848135e-01 -2.653852489273855753e-01 -1.895554559134566830e+00 1.163519258723599847e-01 2.306960346933379924e+00 -1.607933263502570043e-01 4.150000000000545697e+00
0.000000000000000000e+00 0.000000000000000000e+00 -4.573302028077463888e-01 4.710518406124641899e-01 -2.636432086928319762e-01 -1.870250401075139735e+00 1.206285131414652767e-01 2.311968687640586495e+00 -1.608364362700687167e-01 4.180000000000291038e+00
0.000000000000000000e+00 0.000000000000000000e+00 -4.591503069511482238e-01 4.925901224721229710e-01 -2.599063443039639765e-01 -1.866682697348451825e+00 1.279514404236437031e-01 2.331645186886106558e+00 -1.626840375515126169e-01 4.220000000000254659e+00
0.000000000000000000e+00 0.000000000000000000e+00 -4.596476286667723343e-01 5.033955161006113954e-01 -2.575313743088925023e-01 -1.873165183889231145e+00 1.325296596815608297e-01 2.336330930788703242e+00 -1.657531463721042542e-01 4.250000000000000000e+00
0.000000000000000000e+00 0.000000000000000000e+00 -4.610760387204670963e-01 5.148265852956512845e-01 -2.556710027419217823e-01 -1.872228330801419816e+00 1.331101498627340618e-01 2.350973078347635692e+00 -1.656178590094015135e-01 4.289999999999963620e+00
0.000000000000000000e+00 0.000000000000000000e+00 -4.634993488460992239e-01 5.282760147495579872e-01 -2.535994629040505544e-01 -1.868228129717053321e+00 1.384808136334392259e-01 2.368464453935672509e+00 -1.685383979514565311e-01 4.329999999999927240e+00
0.000000000000000000e+00 0.000000000000000000e+00 -4.667015337160052013e-01 5.473553001252540184e-01 -2.499545940853753478e-01 -1.865955654376492134e+00 1.462818615513672427e-01 2.391612117319112940e+00 -1.731108624153776532e-01 4.360000000000582077e+00
0.000000000000000000e+00 0.000000000000000000e+00 -4.699360427033916210e-01 5.668940473644568101e-01 -2.458346839109371018e-01 -1.869991541819189251e+00 1.516564701294065287e-01 2.409534392368186673e+00 -1.776151666006775542e-01 4.400000000000545697e+00
0.000000000000000000e+00 0.000000000000000000e+00 -4.715373015859114503e-01 5.750357968069508274e-01 -2.454766385499063119e-01 -1.867599890020770204e+00 1.515281889896424872e-01 2.407547940526484354e+00 -1.776755537779273197e-01 4.449999999999818101e+00
0.000000000000000000e+00 0.000000000000000000e+00 -4.764758674730984467e-01 5.889778444796789358e-01 -2.424396861796029867e-01 -1.851327576412273856e+00 1.577071887239522852e-01 2.423477105831182143e+00 -1.835008690774575513e-01 4.490000000000691216e+00
0.000000000000000000e+00 0.000000000000000000e+00 -4.802665559814105478e-01 6.027090692765213475e-01 -2.391746593621757455e-01 -1.848652011358336011e+00 1.636821518151414523e-01 2.440544876505420291e+00 -1.916991676694834723e-01 4.510000000000218279e+00
0.000000000000000000e+00 0.000000000000000000e+00 -4.835908684547796099e-01 6.224268146168299154e-01 -2.380576710216608660e-01 -1.844977801474385615e+00 1.653134097648933931e-01 2.437840598743150622e+00 -1.931355699707282270e-01 4.539999999999963620e+00
0.000000000000000000e+00 0.000000000000000000e+00 -4.892508846756804530e-01 6.459887327046232031e-01 -2.347105436105501042e-01 -1.838700464517586397e+00 1.695924271684745577e-01 2.451336966410906371e+00 -1.971871534189784114e-01 4.579999999999927240e+00
0.000000000000000000e+00 0.000000000000000000e+00 -4.962889203024545282e-01 6.672978162647424938e-01 -2.305390180456345917e-01 -1.828036634963297047e+00 1.751756611267918373e-01 2.465840275279020943e+00 -2.059394491814003914e-01 4.619999999999890861e+00
0.000000000000000000e+00 0.000000000000000000e+00 -5.036658764648294095e-01 6.857483293119415180e-01 -2.262405762110031304e-01 -1.822844269826191521e+00 1.815898845625607549e-01 2.485773236935528985e+00 -2.182664561130742698e-01 4.650000000000545697e+00
0.000000000000000000e+00 0.000000000000000000e+00 -5.111769322881052346e-01 7.088259501951883479e-01 -2.240599808427843342e-01 -1.822202840317238781e+00 1.857623025524146598e-01 2.493285526794450035e+00 -2.237504557572291830e-01 4.690000000000509317e+00
0.000000000000000000e+00 0.000000000000000000e+00 -5.147346396597285434e-01 7.187299146814041251e-01 -2.240234779759298078e-01 -1.820272588339477693e+00 1.852452395779469185e-01 2.493629828406511706e+00 -2.228521698033159026e-01 4.730000000000472937e+00
0.000000000000000000e+00 0.000000000000000000e+00 -5.155835888296422809e-01 7.211111135726255839e-01 -2.234791112085776632e-01 -1.817677204719245765e+00 1.868913061454602342e-01 2.498422719383199819e+00 -2.243889635431983720e-01 4.760000000000218279e+00
0.000000000000000000e+00 0.000000000000000000e+00 -5.148938861517207144e-01 7.209187666707785880e-01 -2.231668151474028861e-01 -1.820243891856225815e+00 1.868005827353433901e-01 2.498645957034911547e+00 -2.243513279904121305e-01 4.800000000000181899e+00
0.000000000000000000e+00 0.000000000000000000e+00 -5.147820553249493614e-01 7.200580669920553234e-01 -2.231873771090731040e-01 -1.820672378573268801e+00 1.868016143343860236e-01 2.498888811204242444e+00 -2.243546601311514621e-01 4.829999999999927240e+00
0.000000000000000000e+00 0.000000000000000000e+00 -5.150886070553717389e-01 7.189657375941038708e-01 -2.235545286011131338e-01 -1.820001212226500797e+00 1.868299369275661093e-01 2.499005685341302296e+00 -2.243521952756832860e-01 4.869999999999890861e+00
0.000000000000000000e+00 0.000000000000000000e+00 -5.154471351143463664e-01 7.186059445336212548e-01 -2.238567141587122222e-01 -1.819641286007964709e+00 1.868403066109802779e-01 2.498725787112903163e+00 -2.247144517601551428e-01 4.909999999999854481e+00
0.000000000000000000e+00 0.000000000000000000e+00 -5.162977160195643123e-01 7.198860126182227148e-01 -2.236315443989109752e-01 -1.817433917714943448e+00 1.868940371267040490e-01 2.497816057800761769e+00 -2.254310836030422038e-01 4.940000000000509317e+00
0.000000000000000000e+00 0.000000000000000000e+00 -5.173706364862695750e-01 7.212592519071137076e-01 -2.230093961749535225e-01 -1.815609126990764821e+00 1.877759749632179620e-01 2.498986244265495316e+00 -2.270329997872178041e-01 4.960000000000036380e+00
0.000000000000000000e+00 0.000000000000000000e+00 -5.205255169576794572e-01 7.296275031985643977e-01 -2.215859532280894939e-01 -1.807957598922129705e+00 1.892781143196842208e-01 2.501835826609806190e+00 -2.291263941906152013e-01 5.010000000000218279e+00
0.000000000000000000e+00 0.000000000000000000e+00 -5.229279545584297750e-01 7.400097700487862085e-01 -2.207759194993030860e-01 -1.796060326318524858e+00 1.901982864034490461e-01 2.499783861005795416e+00 -2.285893011819339904e-01 5.050000000000181899e+00
0.000000000000000000e+00 0.000000000000000000e+00 -5.231364978103485441e-01 7.446531813763908048e-01 -2.207536632442828051e-01 -1.786315774688437941e+00 1.900983143910162099e-01 2.499308268136044120e+00 -2.285935845863473759e-01 5.079999999999927240e+00
0.000000000000000000e+00 0.000000000000000000e+00 -5.235396784169923379e-01 7.523925703660125919e-01 -2.204879097797070031e-01 -1.766448578167731043e+00 1.894497618004979955e-01 2.492004652469345771e+00 -2.256751435005632800e-01 5.110000000000582077e+00
0.000000000000000000e+00 0.000000000000000000e+00 -5.227436971019372436e-01 7.571619254956019063e-01 -2.203550901160600262e-01 -1.752237744604627778e+00 1.892696254937753508e-01 2.483722602912052935e+00 -2.217578436303657696e-01 5.150000000000545697e+00
0.000000000000000000e+00 0.000000000000000000e+00 -5.218809993630024735e-01 7.593430544114809777e-01 -2.198039655774941536e-01 -1.748994014422038390e+00 1.891862685523015841e-01 2.479886053075404106e+00 -2.201740450976075181e-01 5.180000000000291038e+00
0.000000000000000000e+00 0.000000000000000000e+00 -5.212511950595910548e-01 7.607747698024169836e-01 -2.191153054144479029e-01 -1.748381087901904607e+00 1.891836719702588709e-01 2.480448512693271823e+00 -2.201633092295463001e-01 5.220000000000254659e+00
0.000000000000000000e+00 0.000000000000000000e+00 -5.213019282779640662e-01 7.606368180590195038e-01 -2.191592808616071864e-01 -1.748304655179211409e+00 1.891910955317399612e-01 2.480493520115345518e+00 -2.201634090980864045e-01 5.270000000000436557e+00
0.000000000000000000e+00 0.000000000000000000e+00 -5.218059980893841043e-01 7.601009234728195452e-01 -2.196021645474566242e-01 -1.748054184880629691e+00 1.892130666105629189e-01 2.480547049652841451e+00 -2.201602798838298014e-01 5.310000000000400178e+00
0.000000000000000000e+00 0.000000000000000000e+00 -5.221186199094240976e-01 7.599005206023434766e-01 -2.198633540693428756e-01 -1.747937138951627389e+00 1.892210560937712671e-01 2.480556637032691469e+00 -2.201590148823218129e-01 5.350000000000363798e+00
0.000000000000000000e+00 0.000000000000000000e+00 -5.221108301632959581e-01 7.599739572688335443e-01 -2.198498052374020517e-01 -1.747962305823733686e+00 1.892180101032980843e-01 2.480545185440092837e+00 -2.201593977117255463e-01 5.369999999999890861e+00
0.000000000000000000e+00 0.000000000000000000e+00 -5.217765830391378756e-01 7.603337808557109057e-01 -2.195555731067511118e-01 -1.748128436232450511e+00 1.892023639803630530e-01 2.480507940997286553e+00 -2.201616840837647970e-01 5.420000000000072760e+00
0.000000000000000000e+00 0.000000000000000000e+00 -5.215346885554339451e-01 7.604249635959448028e-01 -2.193600998510003564e-01 -1.748182682402230625e+00 1.891967880385259093e-01 2.480505238024051096e+00 -2.201626933735489899e-01 5.470000000000254659e+00
0.000000000000000000e+00 0.000000000000000000e+00 -5.215513000226046358e-01 7.603610477302780168e-01 -2.193794577030239168e-01 -1.748155118685161824e+00 1.891990850149483094e-01 2.480513227507259444e+00 -2.201623937679286769e-01 5.490000000000691216e+00
0.000000000000000000e+00 0.000000000000000000e+00 -5.216667813444786361e-01 7.602351467907197957e-01 -2.194812570349036207e-01 -1.748096129667473519e+00 1.892046942979508373e-01 2.480526276996499746e+00 -2.201615615300944739e-01 5.520000000000436557e+00
0.000000000000000000e+00 0.000000000000000000e+00 -5.218067383296496331e-01 7.601525211839108565e-01 -2.195974533407092366e-01 -1.748054960394904711e+00 1.892093617611871892e-01 2.480532856871224823e+00 -2.201607744619273888e-01 5.550000000000181899e+00
0.000000000000000000e+00 0.000000000000000000e+00 -5.218870445053962470e-01 7.601519173057580403e-01 -2.196593050848374418e-01 -1.748052630570663624e+00 1.892106863093756530e-01 2.480530889926747307e+00 -2.201604748547838497e-01 5.579999999999927240e+00
0.000000000000000000e+00 0.000000000000000000e+00 -5.218558005325411031e-01 7.602344837258225851e-01 -2.196267549276473829e-01 -1.748091155609408531e+00 1.892077010252348757e-01 2.480521535573446457e+00 -2.201608762220610416e-01 5.619999999999890861e+00
0.000000000000000000e+00 0.000000000000000000e+00 -5.217716766011015750e-01 7.602914060683119146e-01 -2.195561750847385696e-01 -1.748118766536563840e+00 1.892044945608706286e-01 2.480516423300542783e+00 -2.201614117272843174e-01 5.650000000000545697e+00
0.000000000000000000e+00 0.000000000000000000e+00 -5.199812427353478483e-01 7.546694740095691856e-01 -2.214967150206206270e-01 -1.752503276084082628e+00 1.852711309701629006e-01 2.465238991478349462e+00 -2.183972210956843796e-01 5.699999999999818101e+00
0.000000000000000000e+00 0.000000000000000000e+00 -5.169942319586162682e-01 7.372095227632868841e-01 -2.248230421527619427e-01 -1.761735509084658702e+00 1.795684620870652282e-01 2.443333901081103932e+00 -2.157820763751683302e-01 5.730000000000472937e+00
0.000000000000000000e+00 0.000000000000000000e+00 -5.129947919240551713e-01 7.089275286988403479e-01 -2.297852279331937808e-01 -1.768174409325308005e+00 1.728521709616863689e-01 2.419914397079446999e+00 -2.123050600863791715e-01 5.770000000000436557e+00
0.000000000000000000e+00 0.000000000000000000e+00 -5.083815362492201118e-01 6.834260674104815081e-01 -2.346394101444175817e-01 -1.777698658778193774e+00 1.669755650980668804e-01 2.405068830006610980e+00 -2.047956897515819108e-01 5.800000000000181899e+00
0.000000000000000000e+00 0.000000000000000000e+00 -4.964979784464063073e-01 6.391414792789618105e-01 -2.397976639511423258e-01 -1.805726668894251929e+00 1.615901274974795854e-01 2.401877271661305713e+00 -1.935259560939961432e-01 5.860000000000582077e+00
0.000000000000000000e+00 0.000000000000000000e+00 -4.885446809390892042e-01 6.295686136567724134e-01 -2.434725099766055223e-01 -1.822123618440798509e+00 1.567830218985832857e-01 2.396305406071803645e+00 -1.829110787691146101e-01 5.890000000000327418e+00
0.000000000000000000e+00 0.000000000000000000e+00 -4.807377241325383466e-01 6.112195004672926757e-01 -2.417510426613134200e-01 -1.835999619719004272e+00 1.547829879354267746e-01 2.398714235259120642e+00 -1.761461336652558884e-01 5.930000000000291038e+00
0.000000000000000000e+00 0.000000000000000000e+00 -4.694744836005426691e-01 5.815599422158612697e-01 -2.430089035686844312e-01 -1.862167440913253813e+00 1.514919699990979751e-01 2.393876869492572723e+00 -1.702105302079370830e-01 5.970000000000254659e+00
0.000000000000000000e+00 0.000000000000000000e+00 -4.608316604028317442e-01 5.607864203468082565e-01 -2.454030687253627718e-01 -1.882146741572370274e+00 1.465869932308994095e-01 2.387591010420351267e+00 -1.591542672253076773e-01 6.010000000000218279e+00
0.000000000000000000e+00 0.000000000000000000e+00 -4.546971354583817515e-01 5.507150775514446650e-01 -2.476991629756586377e-01 -1.889125288838755523e+00 1.416594628173939441e-01 2.383692408930784268e+00 -1.476854639482638731e-01 6.039999999999963620e+00
0.000000000000000000e+00 0.000000000000000000e+00 -4.491692786055523356e-01 5.416118603838526724e-01 -2.485649732840933268e-01 -1.893813917059574692e+00 1.374972916057348726e-01 2.383741677410569082e+00 -1.357872009816363246e-01 6.070000000000618456e+00
0.000000000000000000e+00 0.000000000000000000e+00 -4.408400759132824476e-01 5.178068955589587574e-01 -2.492400346809287015e-01 -1.914836910541808379e+00 1.324266329295031852e-01 2.375843806943009895e+00 -1.262364728858367258e-01 6.110000000000582077e+00
0.000000000000000000e+00 0.000000000000000000e+00 -4.353420797539442333e-01 5.064827685070127927e-01 -2.511313284486682562e-01 -1.922153812422067176e+00 1.307162926340543763e-01 2.371609114526478379e+00 -1.236051199464105466e-01 6.130000000000109139e+00
0.000000000000000000e+00 0.000000000000000000e+00 -4.285497540253402349e-01 4.918501298794630827e-01 -2.529353870466266585e-01 -1.928165499062188815e+00 1.248024272289649517e-01 2.369500689907795277e+00 -1.109209248586751073e-01 6.159999999999854481e+00
0.000000000000000000e+00 0.000000000000000000e+00 -4.181790053467437929e-01 4.638397674098015955e-01 -2.517399273320641839e-01 -1.937356334228965693e+00 1.226158471552718510e-01 2.365499823033161420e+00 -1.066108316943648049e-01 6.210000000000036380e+00
0.000000000000000000e+00 0.000000000000000000e+00 -4.078697631725720640e-01 4.395760324952577847e-01 -2.528986576387683982e-01 -1.964928669955305907e+00 1.169397971730470331e-01 2.362300623024884416e+00 -9.174597993370703364e-02 6.250000000000000000e+00
0.000000000000000000e+00 0.000000000000000000e+00 -3.950046770630954995e-01 4.292091859956492783e-01 -2.536174725307827060e-01 -1.988153867941804265e+00 1.135913680091737987e-01 2.370958237961104942e+00 -7.511155345377940051e-02 6.289999999999963620e+00
0.000000000000000000e+00 0.000000000000000000e+00 -3.832909628362024534e-01 4.229940671393350726e-01 -2.528291435647123109e-01 -2.006053239805680732e+00 1.086844770939565663e-01 2.382490524340141747e+00 -5.290126034894759854e-02 6.320000000000618456e+00
0.000000000000000000e+00 0.000000000000000000e+00 -3.771907260905216219e-01 4.151978961351154851e-01 -2.492792164381629760e-01 -2.020396892167681813e+00 1.085646098786963165e-01 2.381031112074083467e+00 -5.324504115350014999e-02 6.340000000000145519e+00
0.000000000000000000e+00 0.000000000000000000e+00 -3.652490452760837059e-01 4.066576379280917308e-01 -2.469485177387209518e-01 -2.039767527364375610e+00 1.049290038671157888e-01 2.387306584818134070e+00 -3.613790977351483136e-02 6.390000000000327418e+00
0.000000000000000000e+00 0.000000000000000000e+00 -3.641215960373322957e-01 4.055977664014775996e-01 -2.462577436915758256e-01 -2.041935873107121324e+00 1.049526144544721262e-01 2.387539078779497004e+00 -3.612410294784540454e-02 6.400000000000545697e+00
0.000000000000000000e+00 0.000000000000000000e+00 -3.496828213416112163e-01 3.936795991828407892e-01 -2.482527318472795841e-01 -2.066668563419025162e+00 9.874862660787986357e-02 2.405656741742021154e+00 -3.111733777546810131e-03 6.440000000000509317e+00
0.000000000000000000e+00 0.000000000000000000e+00 -3.371668405608314600e-01 3.803052590383595444e-01 -2.433598082015677733e-01 -2.091597538611548401e+00 9.665349002076162321e-02 2.405237625564419446e+00 2.324615122874185147e-03 6.480000000000472937e+00
0.000000000000000000e+00 0.000000000000000000e+00 -3.273139483668936478e-01 3.668922908830447582e-01 -2.423677424921280021e-01 -2.116849871990611476e+00 9.290437383734495569e-02 2.411062706785997989e+00 1.938287301740437840e-02 6.520000000000436557e+00
0.000000000000000000e+00 0.000000000000000000e+00 -3.176065251927084887e-01 3.511286989697559591e-01 -2.408049546913915151e-01 -2.141068049175771648e+00 8.935949014246880040e-02 2.419977179553711721e+00 3.397428281928904781e-02 6.570000000000618456e+00
0.000000000000000000e+00 0.000000000000000000e+00 -3.102658878894182237e-01 3.416338639669014299e-01 -2.399842017393005733e-01 -2.163598791297474122e+00 8.556792276075864123e-02 2.426704058099034000e+00 4.648635447815463451e-02 6.610000000000582077e+00
0.000000000000000000e+00 0.000000000000000000e+00 -3.064572346649718781e-01 3.323315755093680934e-01 -2.380633135941767620e-01 -2.175750262625157916e+00 8.485263098701789630e-02 2.429050303001218936e+00 4.801964033556593847e-02 6.640000000000327418e+00
0.000000000000000000e+00 0.000000000000000000e+00 -2.999275271481831595e-01 3.191295054008289611e-01 -2.379372517319788827e-01 -2.197415509333779937e+00 8.185382152835529723e-02 2.434744764231517422e+00 5.957488982267289401e-02 6.670000000000072760e+00
0.000000000000000000e+00 0.000000000000000000e+00 -2.881963719754310205e-01 3.020817941859199607e-01 -2.358098132762354027e-01 -2.229206030559467422e+00 7.540092254873176358e-02 2.447944365524534760e+00 8.139443311455440977e-02 6.720000000000254659e+00
0.000000000000000000e+00 0.000000000000000000e+00 -2.796150012193976409e-01 2.886302674926710665e-01 -2.342352359386801197e-01 -2.246786755201384267e+00 7.171517420764050854e-02 2.454042738057466977e+00 9.612310366579279730e-02 6.760000000000218279e+00
0.000000000000000000e+00 0.000000000000000000e+00 -2.765192096342161676e-01 2.798464964953595313e-01 -2.320681884869557621e-01 -2.259864207632915623e+00 7.156740205779943409e-02 2.454682163030241782e+00 9.611787721219400282e-02 6.780000000000654836e+00
0.000000000000000000e+00 0.000000000000000000e+00 -2.674093179191938674e-01 2.743078704849555294e-01 -2.301500966609548726e-01 -2.268744784535101644e+00 6.777882657110323450e-02 2.462872182267119570e+00 1.138021405630640359e-01 6.820000000000618456e+00
0.000000000000000000e+00 0.000000000000000000e+00 -2.571510653257416124e-01 2.611648751385597933e-01 -2.265353725543217678e-01 -2.292849426703911675e+00 6.442943828805969275e-02 2.467897541480583712e+00 1.323388317207543352e-01 6.860000000000582077e+00
0.000000000000000000e+00 0.000000000000000000e+00 -2.521123038285999485e-01 2.637474880934576049e-01 -2.235524979407976787e-01 -2.298382837760897246e+00 6.568413803787365168e-02 2.481851732260764720e+00 1.422277314553443972e-01 6.890000000000327418e+00
0.000000000000000000e+00 0.000000000000000000e+00 -2.507460689104590301e-01 2.694763470280037154e-01 -2.189769541968900057e-01 -2.301102191528912044e+00 7.408988996613352640e-02 2.499999310736313873e+00 1.370441880392814227e-01 6.920000000000072760e+00
0.000000000000000000e+00 0.000000000000000000e+00 -2.517791423788118266e-01 2.920513309129724178e-01 -2.165118490872242063e-01 -2.295366008901424948e+00 7.650511074001720146e-02 2.510269258768431655e+00 1.349254436714542038e-01 6.949999999999818101e+00
0.000000000000000000e+00 0.000000000000000000e+00 -2.546506458676756068e-01 3.140908529754149470e-01 -2.136009308145325747e-01 -2.300536536117760988e+00 8.373672488702688099e-02 2.535018813535145910e+00 1.294149722669812874e-01 6.990000000000691216e+00
0.000000000000000000e+00 0.000000000000000000e+00 -2.551330109163796322e-01 3.259578654113681750e-01 -2.127906474143959059e-01 -2.298262462880558132e+00 8.443483094949133516e-02 2.531366021812289091e+00 1.296800067276615565e-01 7.020000000000436557e+00
0.000000000000000000e+00 0.000000000000000000e+00 -2.576122224215184886e-01 3.437061448486300463e-01 -2.089956610313521423e-01 -2.296292271092529091e+00 9.185432626335376938e-02 2.554416999349058415e+00 1.243420472426635115e-01 7.060000000000400178e+00
0.000000000000000000e+00 0.000000000000000000e+00 -2.606183789832963171e-01 3.650590944386236103e-01 -2.051087299260467844e-01 -2.292955615239208100e+00 1.000561782175433123e-01 2.575004584933036966e+00 1.193988747221679247e-01 7.100000000000363798e+00
0.000000000000000000e+00 0.000000000000000000e+00 -2.633131876259815485e-01 3.808821871823937499e-01 -2.011715183924174255e-01 -2.294400447791460351e+00 1.088024801816800391e-01 2.598309965027903345e+00 1.124606732650796914e-01 7.130000000000109139e+00
0.000000000000000000e+00 0.000000000000000000e+00 -2.654990251357718378e-01 4.049085577600557428e-01 -1.980392505654018365e-01 -2.292629765031565015e+00 1.132081643647655511e-01 2.600599182848851498e+00 1.093022034699222544e-01 7.170000000000072760e+00
0.000000000000000000e+00 0.000000000000000000e+00 -2.665936083283781954e-01 4.115390457208256692e-01 -1.964872081109003688e-01 -2.292281269434681690e+00 1.136550674930036919e-01 2.608151879663296313e+00 1.092891478147750561e-01 7.210000000000036380e+00
0.000000000000000000e+00 0.000000000000000000e+00 -2.665175554838246086e-01 4.084962568872523292e-01 -1.966697472463829754e-01 -2.290842802585785876e+00 1.136587374345277013e-01 2.608664739294269452e+00 1.092648924677055433e-01 7.240000000000691216e+00
0.000000000000000000e+00 0.000000000000000000e+00 -2.665654454000687679e-01 4.102734782911099387e-01 -1.966371440791103709e-01 -2.290992565793175118e+00 1.136319978602395864e-01 2.608368394658242551e+00 1.092654540036352984e-01 7.280000000000654836e+00
0.000000000000000000e+00 0.000000000000000000e+00 -2.665950397774530245e-01 4.127235864750034011e-01 -1.965215129544262140e-01 -2.292519356034290468e+00 1.136023452262069355e-01 2.608082104843276738e+00 1.092670186107635999e-01 7.310000000000400178e+00
0.000000000000000000e+00 0.000000000000000000e+00 -2.665905956274183808e-01 4.137271987240254134e-01 -1.964589286692941528e-01 -2.293352392816814245e+00 1.135947968290507148e-01 2.608029374254101640e+00 1.092671684135737564e-01 7.340000000000145519e+00
0.000000000000000000e+00 0.000000000000000000e+00 -2.665634979635367330e-01 4.126114341044662126e-01 -1.964982269398252157e-01 -2.292875420669275854e+00 1.136119492508136375e-01 2.608213665000107540e+00 1.092660282477408984e-01 7.380000000000109139e+00
0.000000000000000000e+00 0.000000000000000000e+00 -2.665585877603149356e-01 4.113263590199167652e-01 -1.965681515626549469e-01 -2.292025073339800656e+00 1.136258393002664846e-01 2.608340165150906387e+00 1.092654123917435882e-01 7.420000000000072760e+00
0.000000000000000000e+00 0.000000000000000000e+00 -2.665657450806184769e-01 4.112521344964417125e-01 -1.965790795895934195e-01 -2.291905847514238204e+00 1.136253933376147884e-01 2.608327203709741582e+00 1.092655520506289335e-01 7.440000000000509317e+00
0.000000000000000000e+00 0.000000000000000000e+00 -2.665796600222769541e-01 4.121018382338270669e-01 -1.965430179800620181e-01 -2.292351044254701264e+00 1.136139299768590405e-01 2.608210735522931145e+00 1.092662113400644230e-01 7.490000000000691216e+00
0.000000000000000000e+00 0.000000000000000000e+00 -2.665755987016460438e-01 4.124246466449577042e-01 -1.965206141375652749e-01 -2.292591794015379492e+00 1.136107508283323853e-01 2.608186767073306100e+00 1.092662779190911593e-01 7.520000000000436557e+00
0.000000000000000000e+00 0.000000000000000000e+00 -2.665664940197398636e-01 4.122354956300000595e-01 -1.965230609167978315e-01 -2.292532405523530770e+00 1.136139299768590405e-01 2.608223785012171447e+00 1.092660199253625564e-01 7.560000000000400178e+00
0.000000000000000000e+00 0.000000000000000000e+00 -2.665654786895821360e-01 4.119616893825472914e-01 -1.965379579740300642e-01 -2.292364892692262401e+00 1.136172755729525363e-01 2.608254677680577061e+00 1.092658784449307419e-01 7.590000000000145519e+00
0.000000000000000000e+00 0.000000000000000000e+00 -2.665694900759429942e-01 4.118554292558762597e-01 -1.965477950252303430e-01 -2.292275943112542791e+00 1.136182409688402117e-01 2.608259737686609014e+00 1.092658950896874259e-01 7.619999999999890861e+00
0.000000000000000000e+00 0.000000000000000000e+00 -2.665745667267316321e-01 4.120312977550000255e-01 -1.965423189002812876e-01 -2.292360631634551282e+00 1.136157775448509710e-01 2.608233372392021465e+00 1.092660615372542665e-01 7.670000000000072760e+00
0.000000000000000000e+00 0.000000000000000000e+00 -2.665737344888974292e-01 4.121047677110034613e-01 -1.965373088285193859e-01 -2.292409633798229152e+00 1.136149120175034000e-01 2.608226448173240897e+00 1.092660781820109506e-01 7.690000000000509317e+00
0.000000000000000000e+00 0.000000000000000000e+00 -2.665708050117210348e-01 4.121318320853717410e-01 -1.965330810603216349e-01 -2.292438395937779205e+00 1.136146956356665072e-01 2.608226714489347842e+00 1.092660532148759245e-01 7.720000000000254659e+00
0.000000000000000000e+00 0.000000000000000000e+00 -2.665684747457852666e-01 4.120566310746731631e-01 -1.965352948129606148e-01 -2.292400845366699969e+00 1.136157109658242348e-01 2.608237633449732584e+00 1.092659866358491882e-01 7.760000000000218279e+00
0.000000000000000000e+00 0.000000000000000000e+00 -2.665694068521595739e-01 4.120069631207279315e-01 -1.965389899489444758e-01 -2.292367023221117961e+00 1.136163184994432029e-01 2.608242160823550648e+00 1.092659783134708462e-01 7.789999999999963620e+00
0.000000000000000000e+00 0.000000000000000000e+00 -2.665717038285819740e-01 4.120131216807010333e-01 -1.965407542931529861e-01 -2.292363561111727677e+00 1.136161936637680725e-01 2.608239763978588144e+00 1.092660032806058723e-01 7.829999999999927240e+00
0.000000000000000000e+00 0.000000000000000000e+00 -2.665722364607958639e-01 4.120449131659675857e-01 -1.965394060678615773e-01 -2.292381670606999933e+00 1.136157858672293131e-01 2.608235502920877025e+00 1.092660282477408984e-01 7.860000000000582077e+00
0.000000000000000000e+00 0.000000000000000000e+00 -2.665714792107207742e-01 4.120639573711697423e-01 -1.965376043091229263e-01 -2.292395552721695040e+00 1.136155495465880350e-01 2.608234070693324469e+00 1.092660248788703825e-01 7.890000000000327418e+00
0.000000000000000000e+00 0.000000000000000000e+00 -2.665704171268243883e-01 4.120600331760995161e-01 -1.965368568156380391e-01 -2.292395768804217582e+00 1.136156059614714664e-01 2.608235251895880680e+00 1.092660097843172196e-01 7.920000000000072760e+00
0.000000000000000000e+00 0.000000000000000000e+00 -2.665701891557237246e-01 4.120553327836518065e-01 -1.965369093543589685e-01 -2.292393388515705510e+00 1.136156610315541826e-01 2.608235769236983970e+00 1.092660032806058723e-01 7.930000000000291038e+00
0.000000000000000000e+00 0.000000000000000000e+00 -2.665703556032905652e-01 4.120345934168234692e-01 -1.965382575796503772e-01 -2.292380072710358263e+00 1.136159273476611276e-01 2.608237899765839529e+00 1.092659949582275303e-01 7.980000000000472937e+00
0.000000000000000000e+00 0.000000000000000000e+00 -2.665711470790617099e-01 4.120376237470964043e-01 -1.965388166844110884e-01 -2.292380364232588619e+00 1.136158960177953148e-01 2.608237292800030360e+00 1.092660100310558491e-01 8.020000000000436557e+00
0.000000000000000000e+00 0.000000000000000000e+00 -2.665711711963680841e-01 4.120480756697375568e-01 -1.965382409348936932e-01 -2.292386996929138832e+00 1.136157692224726290e-01 2.608236035553090915e+00 1.092660116029842143e-01 8.070000000000618456e+00
0.000000000000000000e+00 0.000000000000000000e+00 -2.665709257274686550e-01 4.120486908739957599e-01 -1.965379759740759624e-01 -2.292387754423220514e+00 1.136157523053169527e-01 2.608236222777691182e+00 1.092660109420604542e-01 8.090000000000145519e+00
0.000000000000000000e+00 0.000000000000000000e+00 -2.665705719851274580e-01 4.120448132974274813e-01 -1.965378747502466439e-01 -2.292385931664711052e+00 1.136157941896076551e-01 2.608236834501411749e+00 1.092660032806058723e-01 8.130000000000109139e+00
0.000000000000000000e+00 0.000000000000000000e+00 -2.665706048273523976e-01 4.120420026323197149e-01 -1.965380685816100481e-01 -2.292383991373556640e+00 1.136158312676913695e-01 2.608237069239779160e+00 1.092660054370595546e-01 8.159999999999854481e+00
0.000000000000000000e+00 0.000000000000000000e+00 -2.665708050117210348e-01 4.120417173726842464e-01 -1.965382742244070613e-01 -2.292383534819748547e+00 1.136158441238777073e-01 2.608237100817518694e+00 1.092660032806058723e-01 8.190000000000509317e+00
0.000000000000000000e+00 0.000000000000000000e+00 -2.665709881040445595e-01 4.120443139547269595e-01 -1.965382908691637454e-01 -2.292384866400283272e+00 1.136158108343643391e-01 2.608236834501411749e+00 1.092660116029842143e-01 8.240000000000691216e+00
0.000000000000000000e+00 0.000000000000000000e+00 -2.665709085536276390e-01 4.120450099862500437e-01 -1.965381723683181647e-01 -2.292385516623312469e+00 1.136158003594633925e-01 2.608236640959642472e+00 1.092660095048056945e-01 8.270000000000436557e+00
0.000000000000000000e+00 0.000000000000000000e+00 -2.665707717222076667e-01 4.120442806652135914e-01 -1.965380911320835366e-01 -2.292385132716390217e+00 1.136158025119859971e-01 2.608236834501411749e+00 1.092660032806058723e-01 8.310000000000400178e+00
0.000000000000000000e+00 0.000000000000000000e+00 -2.665707550774509826e-01 4.120435482959194928e-01 -1.965381077768402207e-01 -2.292384600084176327e+00 1.136158108343643391e-01 2.608236834501411749e+00 1.092660032806058723e-01 8.340000000000145519e+00
0.000000000000000000e+00 0.000000000000000000e+00 -2.665708050117210348e-01 4.120433485588392841e-01 -1.965381577111102729e-01 -2.292384600084176327e+00 1.136158191567426812e-01 2.608236834501411749e+00 1.092660032806058723e-01 8.369999999999890861e+00
0.000000000000000000e+00 0.000000000000000000e+00 -2.665708715907477711e-01 4.120439144805665421e-01 -1.965382076453803251e-01 -2.292384866400283272e+00 1.136158108343643391e-01 2.608236834501411749e+00 1.092660032806058723e-01 8.420000000000072760e+00
0.000000000000000000e+00 0.000000000000000000e+00 -2.665708715907477711e-01 4.120441475071601189e-01 -1.965381743558669569e-01 -2.292385132716390217e+00 1.136158108343643391e-01 2.608236834501411749e+00 1.092660032806058723e-01 8.460000000000036380e+00
0.000000000000000000e+00 0.000000000000000000e+00 -2.665708050117210348e-01 4.120439144805665421e-01 -1.965381577111102729e-01 -2.292384866400283272e+00 1.136158108343643391e-01 2.608236834501411749e+00 1.092660032806058723e-01 8.500000000000000000e+00
0.000000000000000000e+00 0.000000000000000000e+00 -2.665708050117210348e-01 4.120437813225130697e-01 -1.965381577111102729e-01 -2.292384866400283272e+00 1.136158108343643391e-01 2.608236834501411749e+00 1.092660032806058723e-01 8.530000000000654836e+00
0.000000000000000000e+00 0.000000000000000000e+00 -2.665708050117210348e-01 4.120437480329997015e-01 -1.965381577111102729e-01 -2.292384866400283272e+00 1.136158108343643391e-01 2.608236834501411749e+00 1.092660032806058723e-01 8.560000000000400178e+00
0.000000000000000000e+00 0.000000000000000000e+00 -2.665708400875770323e-01 4.120438667800074839e-01 -1.965381758776114651e-01 -2.292384849247907752e+00 1.136158130650777309e-01 2.608236778990995930e+00 1.092660085794365799e-01 8.600000000000363798e+00
0.000000000000000000e+00 0.000000000000000000e+00 -2.662437261269126054e-01 4.115648100025666167e-01 -1.969945475270655777e-01 -2.292333371674949660e+00 1.123616324784588727e-01 2.604839084364849455e+00 1.101165717518330922e-01 8.640000000000327418e+00
0.000000000000000000e+00 0.000000000000000000e+00 -2.644674570438265704e-01 4.057611180435749532e-01 -1.992367887570534180e-01 -2.294786505052712755e+00 1.074112031418961166e-01 2.592014188846860634e+00 1.136244661078400497e-01 8.670000000000072760e+00
0.000000000000000000e+00 0.000000000000000000e+00 -2.614144091938097603e-01 3.897588822570341449e-01 -2.031537993475129866e-01 -2.299576732868331419e+00 9.886377936711987502e-02 2.567823365272516867e+00 1.196108443954235767e-01 8.699999999999818101e+00
0.000000000000000000e+00 0.000000000000000000e+00 -2.578572582428595439e-01 3.652453834296132129e-01 -2.077860684221999321e-01 -2.303735525194383627e+00 8.870636653494301527e-02 2.542936657710725967e+00 1.262669744024602636e-01 8.730000000000472937e+00
0.000000000000000000e+00 0.000000000000000000e+00 -2.544087143292728115e-01 3.395917187693342498e-01 -2.124409910107338817e-01 -2.304933415043421974e+00 7.858895105307794893e-02 2.515159887756368562e+00 1.330879624020742114e-01 8.760000000000218279e+00
0.000000000000000000e+00 0.000000000000000000e+00 -2.509652304217180330e-01 3.103958501496073552e-01 -2.171809017268966358e-01 -2.306673258170093277e+00 6.847651235346141618e-02 2.489650000504326499e+00 1.394519686069273234e-01 8.800000000000181899e+00
0.000000000000000000e+00 0.000000000000000000e+00 -2.507543912888010595e-01 3.034711320263383527e-01 -2.180317983333424081e-01 -2.302944300040650205e+00 6.850101759648952182e-02 2.490841765082905113e+00 1.394126703363962605e-01 8.829999999999927240e+00
0.000000000000000000e+00 0.000000000000000000e+00 -2.487511282428478410e-01 2.923394183616601083e-01 -2.203045067004971713e-01 -2.309145736906970114e+00 6.201998626857996300e-02 2.471449158807388358e+00 1.439348509903748408e-01 8.860000000000582077e+00
0.000000000000000000e+00 0.000000000000000000e+00 -2.449984513351299853e-01 2.698686472982902984e-01 -2.224699229660664912e-01 -2.310830718915610760e+00 5.645752912779355981e-02 2.457886744745110263e+00 1.512732412515127578e-01 8.909999999999854481e+00
0.000000000000000000e+00 0.000000000000000000e+00 -2.434057145680323941e-01 2.683935223819222671e-01 -2.222405582189601603e-01 -2.308883149225522402e+00 5.317044351523136925e-02 2.456281657568553101e+00 1.587627991928552973e-01 8.940000000000509317e+00
0.000000000000000000e+00 0.000000000000000000e+00 -2.390662434081747278e-01 2.508290430225290635e-01 -2.226416635655326104e-01 -2.320457247233349563e+00 5.057476445056829917e-02 2.444734723803634324e+00 1.621709129924564508e-01 8.970000000000254659e+00
0.000000000000000000e+00 0.000000000000000000e+00 -2.311256125606941936e-01 2.279086804363661400e-01 -2.221381763205965143e-01 -2.325592354407461926e+00 4.476781664003892658e-02 2.437925819897373003e+00 1.849738801097267071e-01 9.010000000000218279e+00
0.000000000000000000e+00 0.000000000000000000e+00 -2.241879947509950455e-01 2.218299820058344807e-01 -2.186339723406582891e-01 -2.326433913305407941e+00 4.307718789769321432e-02 2.438161509652019276e+00 2.048805430506739356e-01 9.039999999999963620e+00
0.000000000000000000e+00 0.000000000000000000e+00 -2.153403411775300924e-01 2.179946805259369569e-01 -2.132911885373989236e-01 -2.332219098096572907e+00 4.224624003213328649e-02 2.437819027138488082e+00 2.114664904411522883e-01 9.079999999999927240e+00
0.000000000000000000e+00 0.000000000000000000e+00 -2.054699172400997753e-01 2.158186615503598915e-01 -2.069073750720917815e-01 -2.335109959437460247e+00 4.268375578395211534e-02 2.438039536875038493e+00 2.260464650585536361e-01 9.119999999999890861e+00
0.000000000000000000e+00 0.000000000000000000e+00 -1.959361501513612325e-01 2.130827129599310865e-01 -2.016065360556762442e-01 -2.337556605511963426e+00 4.273041103693753229e-02 2.438721838741031434e+00 2.470734865719048656e-01 9.159999999999854481e+00
0.000000000000000000e+00 0.000000000000000000e+00 -1.876664827358194287e-01 2.116334971729996184e-01 -1.973210234443003586e-01 -2.339465148475953882e+00 4.344087598749091228e-02 2.439693255223410517e+00 2.748335326041049242e-01 9.190000000000509317e+00
0.000000000000000000e+00 0.000000000000000000e+00 -1.789928626119792199e-01 2.100072133302619548e-01 -1.903007070584097349e-01 -2.340920093488559672e+00 4.291321871766751173e-02 2.439671236990930581e+00 2.743076999620770451e-01 9.220000000000254659e+00
0.000000000000000000e+00 0.000000000000000000e+00 -1.730187336871313875e-01 2.090496051916002074e-01 -1.873280312713365703e-01 -2.342044830862306526e+00 4.334603400765413284e-02 2.440106682497145130e+00 2.945991438186013056e-01 9.240000000000691216e+00
0.000000000000000000e+00 0.000000000000000000e+00 -1.651879748785223256e-01 2.076788096101278569e-01 -1.826527355006213327e-01 -2.343797190846004241e+00 4.448812230990917271e-02 2.440827600198645086e+00 3.147547457405153182e-01 9.280000000000654836e+00
0.000000000000000000e+00 0.000000000000000000e+00 -1.566219339433949642e-01 2.058721544301267414e-01 -1.776812462847132679e-01 -2.345998027153797238e+00 4.471439945465061072e-02 2.442111243834119705e+00 3.348194007119076332e-01 9.320000000000618456e+00
0.000000000000000000e+00 0.000000000000000000e+00 -1.493856759092704323e-01 2.038240504096666683e-01 -1.722447192118092829e-01 -2.348185813972349933e+00 4.318587815884011860e-02 2.442138141760921144e+00 3.362837065364310263e-01 9.350000000000363798e+00
0.000000000000000000e+00 0.000000000000000000e+00 -1.403672970664970876e-01 2.002267523055945020e-01 -1.669175149008061965e-01 -2.352644211918715200e+00 4.331381391990296592e-02 2.443450547535945816e+00 3.541459938824154108e-01 9.380000000000109139e+00
0.000000000000000000e+00 0.000000000000000000e+00 -1.304229371198761811e-01 1.971584245689417259e-01 -1.599524498873350353e-01 -2.356265578340952516e+00 4.338167875409304486e-02 2.445560836367377533e+00 3.708722765847127789e-01 9.420000000000072760e+00
0.000000000000000000e+00 0.000000000000000000e+00 -1.252274355665665695e-01 1.957718990077976784e-01 -1.598337403625258446e-01 -2.359081358761290659e+00 4.417903352395136096e-02 2.448462371815786298e+00 3.916363992631399782e-01 9.449999999999818101e+00
0.000000000000000000e+00 0.000000000000000000e+00 -1.133959169538112377e-01 1.901719211088614969e-01 -1.525089979220073388e-01 -2.365886514020445475e+00 4.348170541938589650e-02 2.451694096310319537e+00 4.121771391130657491e-01 9.490000000000691216e+00
0.000000000000000000e+00 0.000000000000000000e+00 -1.035306612133313209e-01 1.850564880371496912e-01 -1.453156334258576265e-01 -2.371545198660811593e+00 4.278979120640791223e-02 2.451449351808037136e+00 4.175065904662211835e-01 9.520000000000436557e+00
0.000000000000000000e+00 0.000000000000000000e+00 -9.274623207448762230e-02 1.806758710387690314e-01 -1.382763993766022992e-01 -2.377445698326283718e+00 4.266373214166119254e-02 2.453534873241522973e+00 4.377519409161756414e-01 9.570000000000618456e+00
0.000000000000000000e+00 0.000000000000000000e+00 -8.520249545013847126e-02 1.776108056744263308e-01 -1.336667255591139636e-01 -2.381202885963062954e+00 4.279642414194650968e-02 2.455660874723264442e+00 4.570656843345233256e-01 9.600000000000363798e+00
0.000000000000000000e+00 0.000000000000000000e+00 -8.052503586105430600e-02 1.765553283635767912e-01 -1.301610485182091992e-01 -2.382520884376333470e+00 4.234164777744631181e-02 2.456956502583551583e+00 4.632801374005701689e-01 9.619999999999890861e+00
0.000000000000000000e+00 0.000000000000000000e+00 -7.175141566598508547e-02 1.732181382869617536e-01 -1.242635217094285593e-01 -2.386553664254778440e+00 4.285141602196063104e-02 2.457673632185208845e+00 4.783582290325476549e-01 9.650000000000545697e+00
0.000000000000000000e+00 0.000000000000000000e+00 -6.375182326728623394e-02 1.734922270805228095e-01 -1.186720801184426577e-01 -2.385731325045554740e+00 4.395227349679009521e-02 2.457612439154956974e+00 4.979013311719526769e-01 9.680000000000291038e+00
0.000000000000000000e+00 0.000000000000000000e+00 -5.753140721715732653e-02 1.755869697092116155e-01 -1.141078131971884346e-01 -2.382504639093809828e+00 4.595648113268513413e-02 2.453340196167346221e+00 5.183173569569454742e-01 9.710000000000036380e+00
0.000000000000000000e+00 0.000000000000000000e+00 -4.941580668741396565e-02 1.810265927068588354e-01 -1.073651803896646939e-01 -2.375947403908611477e+00 4.568035294167493987e-02 2.454792417898516987e+00 5.176965075326300791e-01 9.750000000000000000e+00
0.000000000000000000e+00 0.000000000000000000e+00 -4.368815033653827840e-02 1.853235365133887314e-01 -1.036793488247900186e-01 -2.369576589998274585e+00 4.772534439263509398e-02 2.451511403460955307e+00 5.373290313309908584e-01 9.780000000000654836e+00
0.000000000000000000e+00 0.000000000000000000e+00 -3.531203855874354147e-02 1.930497662500219036e-01 -9.688798016969535354e-02 -2.360017972287806742e+00 4.967101658046146895e-02 2.448966220426882501e+00 5.498297096539062068e-01 9.840000000000145519e+00
0.000000000000000000e+00 0.000000000000000000e+00 -3.261280414037059927e-02 1.995029051269181508e-01 -9.436717338178635117e-02 -2.358347371348941124e+00 5.192598163699102543e-02 2.458918985975628857e+00 5.563259251611007983e-01 9.869999999999890861e+00
0.000000000000000000e+00 0.000000000000000000e+00 -3.133365250860609130e-02 2.060142174284251837e-01 -9.266473102338412815e-02 -2.361678719530715398e+00 5.603008761495775758e-02 2.473755456293531552e+00 5.588540306748157604e-01 9.900000000000545697e+00
0.000000000000000000e+00 0.000000000000000000e+00 -3.015019574420740867e-02 2.295492542341737163e-01 -8.991261205183675997e-02 -2.359835279438442512e+00 6.047518640073246132e-02 2.509209320662790788e+00 5.581366416617328241e-01 9.940000000000509317e+00
0.000000000000000000e+00 0.000000000000000000e+00 -2.945378536633014299e-02 2.440457221072911409e-01 -8.866718477770874074e-02 -2.357724724290903850e+00 6.104480742516349423e-02 2.506435638408959221e+00 5.581790857912771742e-01 9.960000000000036380e+00
0.000000000000000000e+00 0.000000000000000000e+00 -2.900729809065860643e-02 2.584424545983576849e-01 -8.677779683460951077e-02 -2.362598841680210171e+00 6.463480680342970075e-02 2.526845305896898708e+00 5.574160901448799166e-01 9.990000000000691216e+00
0.000000000000000000e+00 0.000000000000000000e+00 -2.934400487362043286e-02 2.607737857985537033e-01 -8.565187891347303406e-02 -2.364372506952463482e+00 6.958697561801674425e-02 2.541333434746917419e+00 5.563687687648055658e-01 1.003000000000065484e+01
0.000000000000000000e+00 0.000000000000000000e+00 -2.960841307533046418e-02 2.876950319041071680e-01 -8.334107069826846015e-02 -2.359405178925726432e+00 7.405784880951671312e-02 2.566326935067593240e+00 5.551351259784098602e-01 1.007000000000061846e+01
0.000000000000000000e+00 0.000000000000000000e+00 -2.903708254284076418e-02 3.166967345822317981e-01 -8.097551405415703840e-02 -2.358360279171268559e+00 7.526528845781044197e-02 2.576794288420591883e+00 5.546017411016315179e-01 1.011000000000058208e+01
0.000000000000000000e+00 0.000000000000000000e+00 -2.918120042789906776e-02 3.320051385412803313e-01 -7.883526848486699379e-02 -2.357637638923932855e+00 7.903397359016128831e-02 2.600180772266327267e+00 5.535799397823915058e-01 1.014000000000032742e+01
0.000000000000000000e+00 0.000000000000000000e+00 -2.922656987343064117e-02 3.459190898647257484e-01 -7.688173164950740102e-02 -2.356992621312912206e+00 8.338872463665492063e-02 2.619221841280676699e+00 5.532790358710570899e-01 1.017000000000007276e+01
0.000000000000000000e+00 0.000000000000000000e+00 -2.880967697514336123e-02 3.601378066830562830e-01 -7.565239985509286669e-02 -2.355194188642713016e+00 8.309701695338844729e-02 2.616798631023584676e+00 5.531453451853707293e-01 1.019999999999981810e+01
0.000000000000000000e+00 0.000000000000000000e+00 -2.937834977398967595e-02 3.728679481576042676e-01 -7.360431753413809730e-02 -2.356252089965801488e+00 8.615984592101000317e-02 2.633051042815750975e+00 5.513444038281969384e-01 1.024000000000069122e+01
0.000000000000000000e+00 0.000000000000000000e+00 -3.073144937296601320e-02 3.804910817353501784e-01 -7.233726366632886595e-02 -2.355215760247375556e+00 8.790290748504681062e-02 2.646868382658738028e+00 5.471770680706811163e-01 1.027000000000043656e+01
0.000000000000000000e+00 0.000000000000000000e+00 -3.333439595451626047e-02 3.938702037370234166e-01 -7.113367298812622863e-02 -2.352928104888718508e+00 9.026215194220199578e-02 2.655857350216450641e+00 5.392036969868030383e-01 1.030000000000018190e+01
0.000000000000000000e+00 0.000000000000000000e+00 -3.735795663771224184e-02 4.058818013184373186e-01 -7.115604508142236995e-02 -2.349561780371951514e+00 9.168995162719006942e-02 2.658009826370962614e+00 5.357215998372817367e-01 1.032999999999992724e+01
0.000000000000000000e+00 0.000000000000000000e+00 -4.305833106191148119e-02 4.156559530097752031e-01 -7.131947001349292492e-02 -2.346860395152946310e+00 9.377890338014971405e-02 2.667371690179431098e+00 5.271304788129871355e-01 1.036999999999989086e+01
0.000000000000000000e+00 0.000000000000000000e+00 -4.795092661878497253e-02 4.231231971616900012e-01 -7.068515505213923689e-02 -2.343937805750471171e+00 9.552231117328169319e-02 2.674667523166078809e+00 5.180767070648073513e-01 1.040999999999985448e+01
0.000000000000000000e+00 0.000000000000000000e+00 -5.230724643359607740e-02 4.294056939930612771e-01 -7.068329083939062230e-02 -2.342487980864262909e+00 9.644782622394210136e-02 2.680860171600869535e+00 5.092847468472072592e-01 1.044000000000050932e+01
0.000000000000000000e+00 0.000000000000000000e+00 -5.562457159428380038e-02 4.335877351337158458e-01 -7.195527683860269974e-02 -2.341960416305640891e+00 9.822907907587019594e-02 2.681271287463440345e+00 5.047781569756697451e-01 1.047000000000025466e+01
0.000000000000000000e+00 0.000000000000000000e+00 -6.096232017222646959e-02 4.414727764043568925e-01 -7.241989656088687610e-02 -2.337909740669772418e+00 9.810559405540431044e-02 2.685499131867743472e+00 5.012459285800474618e-01 1.051000000000021828e+01
0.000000000000000000e+00 0.000000000000000000e+00 -6.467219508813126794e-02 4.429163095725385801e-01 -7.296402197926710187e-02 -2.337960340730091957e+00 9.784189117525876611e-02 2.684300709386491235e+00 4.944344280917434276e-01 1.053999999999996362e+01
0.000000000000000000e+00 0.000000000000000000e+00 -6.710968238526904273e-02 4.429482342158586050e-01 -7.421347728451266335e-02 -2.337178436640101609e+00 9.762637486571357215e-02 2.683668208632496999e+00 4.902694772057181183e-01 1.057000000000061846e+01
0.000000000000000000e+00 0.000000000000000000e+00 -6.955724808257901515e-02 4.432628866962140535e-01 -7.524253104412625959e-02 -2.336321964040166677e+00 9.791333047094674669e-02 2.683827731980557019e+00 4.905677179559830847e-01 1.061000000000058208e+01
0.000000000000000000e+00 0.000000000000000000e+00 -7.019232877385928049e-02 4.433596260220618035e-01 -7.512367083664539535e-02 -2.336169631226994170e+00 9.757856280213861311e-02 2.683078052139507008e+00 4.864339593439837017e-01 1.061999999999989086e+01
0.000000000000000000e+00 0.000000000000000000e+00 -7.191397918147490742e-02 4.439319393358864829e-01 -7.538451081864128156e-02 -2.335595986332634766e+00 9.788956175840191065e-02 2.683193633329921113e+00 4.858243284856733624e-01 1.065000000000054570e+01
0.000000000000000000e+00 0.000000000000000000e+00 -7.264732142083829558e-02 4.439689435730329592e-01 -7.605786042733875263e-02 -2.335624089875391718e+00 9.793573132849608953e-02 2.683194611932417928e+00 4.858305318606213064e-01 1.069999999999981810e+01
0.000000000000000000e+00 0.000000000000000000e+00 -7.240437532527899123e-02 4.439539104147094406e-01 -7.583346151830205883e-02 -2.335613563195693132e+00 9.791323892478498436e-02 2.683195231226562782e+00 4.858272579628497567e-01 1.072000000000025466e+01
0.000000000000000000e+00 0.000000000000000000e+00 -7.170044359797511646e-02 4.439180576088119778e-01 -7.518944259268245389e-02 -2.335589861062175032e+00 9.786749081103884862e-02 2.683193100697707223e+00 4.858210994028766549e-01 1.076000000000021828e+01
0.000000000000000000e+00 0.000000000000000000e+00 -7.150468461461390035e-02 4.439127978656998152e-01 -7.501022849746519228e-02 -2.335584801056143078e+00 9.786208126511652949e-02 2.683192568065493333e+00 4.858206000601761332e-01 1.078999999999996362e+01
0.000000000000000000e+00 0.000000000000000000e+00 -7.178011065889133846e-02 4.439295733936114985e-01 -7.526193699775340917e-02 -2.335593108992760847e+00 9.788634713909516449e-02 2.683193273904079135e+00 4.858240572396299584e-01 1.082999999999992724e+01
0.000000000000000000e+00 0.000000000000000000e+00 -7.210376269718654640e-02 4.439408942149825066e-01 -7.555802408469425302e-02 -2.335600513706452830e+00 9.790472513174108826e-02 2.683194698594348893e+00 4.858264257250155538e-01 1.086999999999989086e+01
0.000000000000000000e+00 0.000000000000000000e+00 -7.207342762812984915e-02 4.439359673670040252e-01 -7.553043540049042548e-02 -2.335598915809811160e+00 9.789783420247388790e-02 2.683194698594348893e+00 4.858253604605877740e-01 1.090999999999985448e+01
0.000000000000000000e+00 0.000000000000000000e+00 -7.191418724093345816e-02 4.439299419650843959e-01 -7.538478545712656853e-02 -2.335595453700420876e+00 9.788664060360385832e-02 2.683193633329921113e+00 4.858238291429728406e-01 1.094000000000050932e+01
0.000000000000000000e+00 0.000000000000000000e+00 -7.179536032296596204e-02 4.439281776208758856e-01 -7.527600364981790193e-02 -2.335593855803779206e+00 9.788131428146495949e-02 2.683193100697707223e+00 4.858231966422188464e-01 1.098000000000047294e+01
0.000000000000000000e+00 0.000000000000000000e+00 -7.181309531121282674e-02 4.439297755175175553e-01 -7.529218235331480713e-02 -2.335594654752100041e+00 9.788380267258922629e-02 2.683193100697707223e+00 4.858235628268658957e-01 1.100000000000000000e+01
0.000000000000000000e+00 0.000000000000000000e+00 -7.192261781019393396e-02 4.439332043373944714e-01 -7.539237546617449937e-02 -2.335596518964848656e+00 9.789166732012244410e-02 2.683193899646028058e+00 4.858246613808070435e-01 1.103999999999996362e+01
0.000000000000000000e+00 0.000000000000000000e+00 -7.197811142897858616e-02 4.439333707849613120e-01 -7.544320023070927306e-02 -2.335596785280955601e+00 9.789389771751810798e-02 2.683194165962135003e+00 4.858249276969139885e-01 1.107999999999992724e+01
0.000000000000000000e+00 0.000000000000000000e+00 -7.193553414138076363e-02 4.439317728883196423e-01 -7.540426814482525941e-02 -2.335595986332634766e+00 9.789011935775082662e-02 2.683193899646028058e+00 4.858243617751867305e-01 1.111999999999989086e+01
0.000000000000000000e+00 0.000000000000000000e+00 -7.189287337387817445e-02 4.439311645192214328e-01 -7.536521452722588776e-02 -2.335595668442824291e+00 9.788754106034680547e-02 2.683193633632539488e+00 4.858240279000307638e-01 1.115000000000054570e+01
0.000000000000000000e+00 0.000000000000000000e+00 -7.188282019696234926e-02 4.439315731512394336e-01 -7.535599002806314672e-02 -2.335595986332634766e+00 9.788771419040998012e-02 2.683193633329921113e+00 4.858240954590797855e-01 1.119000000000050932e+01
0.000000000000000000e+00 0.000000000000000000e+00 -7.198053324107611672e-02 4.439321390729666916e-01 -7.531797340379675632e-02 -2.335583203159501409e+00 9.783485044318140922e-02 2.683140636424639069e+00 4.851356017436003754e-01 1.122000000000025466e+01
0.000000000000000000e+00 0.000000000000000000e+00 -7.417445365246688738e-02 4.437441199014635629e-01 -7.470948271131927498e-02 -2.335159760549458952e+00 9.684559429679939768e-02 2.680086523310194480e+00 4.749542371065551549e-01 1.126000000000021828e+01
0.000000000000000000e+00 0.000000000000000000e+00 -8.360776131223879304e-02 4.360987836823149166e-01 -7.601792703425314102e-02 -2.338209612606192422e+00 9.196849749604663060e-02 2.662535759230308940e+00 4.447549226853730886e-01 1.130000000000018190e+01
0.000000000000000000e+00 0.000000000000000000e+00 -9.803188275042895583e-02 4.075990653661420993e-01 -8.398083688855528806e-02 -2.347225211774599529e+00 8.568731560045339535e-02 2.633141917874581850e+00 4.152668387173008568e-01 1.134000000000014552e+01
0.000000000000000000e+00 0.000000000000000000e+00 -1.090906724970013286e-01 3.820385467986504580e-01 -9.212785503747333848e-02 -2.347064826805357995e+00 7.861874717868833073e-02 2.601097767793868698e+00 3.950046546346905885e-01 1.136999999999989086e+01
0.000000000000000000e+00 0.000000000000000000e+00 -1.220835478365156490e-01 3.612277053507284563e-01 -1.026713590047600988e-01 -2.339557971055654662e+00 7.126376008399049056e-02 2.580689362715133939e+00 3.737914007224496515e-01 1.142000000000007276e+01
0.000000000000000000e+00 0.000000000000000000e+00 -1.260391326505905241e-01 3.492671493822108175e-01 -1.052981013465847937e-01 -2.343534070532342639e+00 7.138045647310242714e-02 2.565621996332509980e+00 3.746180459184067502e-01 1.144000000000050932e+01
0.000000000000000000e+00 0.000000000000000000e+00 -1.310256437594059520e-01 3.382151973915625831e-01 -1.092614675844094663e-01 -2.338502826639938803e+00 6.457942553675266595e-02 2.550618013183338917e+00 3.582500582484904328e-01 1.147000000000025466e+01
0.000000000000000000e+00 0.000000000000000000e+00 -1.400960874010870327e-01 3.179075289725830089e-01 -1.161641646945854589e-01 -2.333744823073260477e+00 6.042671270807931094e-02 2.512343328609318860e+00 3.456075000196001668e-01 1.151000000000021828e+01
0.000000000000000000e+00 0.000000000000000000e+00 -1.484013873480458656e-01 3.002752606054048812e-01 -1.230626323551291534e-01 -2.330926790847723140e+00 5.838742464441004643e-02 2.503162406996954914e+00 3.381806498803658911e-01 1.153999999999996362e+01
0.000000000000000000e+00 0.000000000000000000e+00 -1.537509797315017579e-01 2.907053693084726831e-01 -1.278800344174690906e-01 -2.323036518729111322e+00 5.612164626028759429e-02 2.499233918244954111e+00 3.289880100761877202e-01 1.157000000000061846e+01
0.000000000000000000e+00 0.000000000000000000e+00 -1.613200844547959534e-01 2.754743074396408531e-01 -1.338645368691349091e-01 -2.317275365961810607e+00 5.389120914947387320e-02 2.476253650638911452e+00 3.228091584494974242e-01 1.161000000000058208e+01
0.000000000000000000e+00 0.000000000000000000e+00 -1.687164932577838172e-01 2.661291318182144039e-01 -1.392790781165302860e-01 -2.306190418148863941e+00 4.764227656515007681e-02 2.442724112834500971e+00 3.058135532718591065e-01 1.164000000000032742e+01
0.000000000000000000e+00 0.000000000000000000e+00 -1.749753081905858210e-01 2.592095781444125890e-01 -1.448146928286941915e-01 -2.297739684362625212e+00 4.560368303119899380e-02 2.436902100782276648e+00 2.964202466474041842e-01 1.167000000000007276e+01
0.000000000000000000e+00 0.000000000000000000e+00 -1.824069257339111516e-01 2.515209322683720217e-01 -1.507988989755304488e-01 -2.281820106437777440e+00 4.427469907851699915e-02 2.416584844983447056e+00 2.927214488170726270e-01 1.171000000000003638e+01
0.000000000000000000e+00 0.000000000000000000e+00 -1.857111928965604619e-01 2.486474813429762065e-01 -1.525611792342118633e-01 -2.270069973483259673e+00 4.034321587212064131e-02 2.389223261839816814e+00 2.782349844427223218e-01 1.174000000000069122e+01
0.000000000000000000e+00 0.000000000000000000e+00 -1.925434564746018040e-01 2.506296205380564857e-01 -1.561535332918291274e-01 -2.250300664849016030e+00 4.300457624796383271e-02 2.380194020917727471e+00 2.643666525301080483e-01 1.178000000000065484e+01
0.000000000000000000e+00 0.000000000000000000e+00 -1.986188521651577332e-01 2.689560985130867721e-01 -1.598697088018585788e-01 -2.229035321934915714e+00 4.435730700593998321e-02 2.381721403423284755e+00 2.606936412951199600e-01 1.182000000000061846e+01
0.000000000000000000e+00 0.000000000000000000e+00 -2.043487329120408091e-01 2.840851936174590975e-01 -1.613974956069226252e-01 -2.204545858305044348e+00 4.721750679680081220e-02 2.375609218510000176e+00 2.478468052735429694e-01 1.186000000000058208e+01
0.000000000000000000e+00 0.000000000000000000e+00 -2.088740362980967546e-01 2.982462763241855441e-01 -1.625473508096231257e-01 -2.179591206677571336e+00 4.875508890965107867e-02 2.371020023297916168e+00 2.434424495460341120e-01 1.189000000000032742e+01
0.000000000000000000e+00 0.000000000000000000e+00 -2.133286725294514241e-01 3.105828373461960723e-01 -1.632799697750719758e-01 -2.166281926074944408e+00 5.188366650431097682e-02 2.367695066702708573e+00 2.347184831594884002e-01 1.192000000000007276e+01
0.000000000000000000e+00 0.000000000000000000e+00 -2.177835917216697226e-01 3.289312514558950795e-01 -1.635332363927766153e-01 -2.155048180051792883e+00 5.620337617679549425e-02 2.368007721812261934e+00 2.274960069838982690e-01 1.196000000000003638e+01
0.000000000000000000e+00 0.000000000000000000e+00 -2.197170599231048627e-01 3.442300533395661333e-01 -1.641706189693135087e-01 -2.137685515048973528e+00 5.599214185802026122e-02 2.369225084114468416e+00 2.273681645538987439e-01 1.199000000000069122e+01
0.000000000000000000e+00 0.000000000000000000e+00 -2.218711944233842104e-01 3.579673969904817454e-01 -1.629881871904004242e-01 -2.120885815643163141e+00 6.030999551302151929e-02 2.376566322541151521e+00 2.240024390034811574e-01 1.202000000000043656e+01
0.000000000000000000e+00 0.000000000000000000e+00 -2.238345367223457671e-01 3.811892913290764184e-01 -1.610812139374990792e-01 -2.110198484499580474e+00 6.574015448435410747e-02 2.391591054126482874e+00 2.205040976050263168e-01 1.206000000000040018e+01
0.000000000000000000e+00 0.000000000000000000e+00 -2.253464531714488572e-01 4.014398728922863313e-01 -1.588037619390547661e-01 -2.112570095203807341e+00 7.038198745389578903e-02 2.413075863958340506e+00 2.177824432334585225e-01 1.210000000000036380e+01
0.000000000000000000e+00 0.000000000000000000e+00 -2.259598666545601375e-01 4.176489896343502650e-01 -1.579844407450030630e-01 -2.109651277339745334e+00 7.089965423261723743e-02 2.411360988230759617e+00 2.164436373824631943e-01 1.213000000000010914e+01
0.000000000000000000e+00 0.000000000000000000e+00 -2.275426279416032926e-01 4.346707369551294775e-01 -1.559809027795449055e-01 -2.107944349249132543e+00 7.494009479988328337e-02 2.431939344538058378e+00 2.150053428345621853e-01 1.215999999999985448e+01
0.000000000000000000e+00 0.000000000000000000e+00 -2.293551227215671062e-01 4.558097049741673956e-01 -1.535631717346115366e-01 -2.106330829652575787e+00 7.925420634134461295e-02 2.451955590818599262e+00 2.123062001892419559e-01 1.219999999999981810e+01
0.000000000000000000e+00 0.000000000000000000e+00 -2.302771793782376619e-01 4.651210474898270775e-01 -1.519730866910506961e-01 -2.111279261033445209e+00 8.311863016994269771e-02 2.457051577433730927e+00 2.095137109422218202e-01 1.224000000000069122e+01
0.000000000000000000e+00 0.000000000000000000e+00 -2.316921002096794524e-01 4.841963048344055665e-01 -1.504874256437016555e-01 -2.101840751887209535e+00 8.374259216375801174e-02 2.472627873896726669e+00 2.095104985041817969e-01 1.227000000000043656e+01
0.000000000000000000e+00 0.000000000000000000e+00 -2.344383350688579171e-01 5.014435704345663325e-01 -1.480147088198151550e-01 -2.103384613461672714e+00 8.745038334872212715e-02 2.487766047800409552e+00 2.043713782747751395e-01 1.231000000000040018e+01
0.000000000000000000e+00 0.000000000000000000e+00 -2.361197719352059465e-01 4.986434542934681247e-01 -1.483722432538048253e-01 -2.119259556336103856e+00 8.783077743195644160e-02 2.494453544125292410e+00 2.001655994695372698e-01 1.235000000000036380e+01
0.000000000000000000e+00 0.000000000000000000e+00 -2.372226368683350017e-01 4.921569926136903916e-01 -1.496901085090218686e-01 -2.137570652901317203e+00 8.607471398989652300e-02 2.507850842201264641e+00 1.962793816789432100e-01 1.238000000000010914e+01
0.000000000000000000e+00 0.000000000000000000e+00 -2.384657172317705687e-01 4.858721988058967156e-01 -1.507521438540049274e-01 -2.152229756691994567e+00 8.685151646196320741e-02 2.504361035935858126e+00 1.965202978871882777e-01 1.240999999999985448e+01
0.000000000000000000e+00 0.000000000000000000e+00 -2.393206964038157025e-01 4.734580089410203030e-01 -1.517665974810462615e-01 -2.176312816001154005e+00 8.617745233858897791e-02 2.512481506991020908e+00 1.928046325925274473e-01 1.244000000000050932e+01
0.000000000000000000e+00 0.000000000000000000e+00 -2.410104009231428535e-01 4.615691562819890237e-01 -1.534843140846664511e-01 -2.199188476881275278e+00 8.524099477234869937e-02 2.523331531181867149e+00 1.882168779230219968e-01 1.248000000000047294e+01
0.000000000000000000e+00 0.000000000000000000e+00 -2.422881356699946309e-01 4.617971228695338937e-01 -1.546838517646165201e-01 -2.199710190134780419e+00 8.511978765417538284e-02 2.525083891165564864e+00 1.881273790663318124e-01 1.251000000000021828e+01
0.000000000000000000e+00 0.000000000000000000e+00 -2.424654356181932258e-01 4.608887186287446980e-01 -1.547867496504373719e-01 -2.200813271449746367e+00 8.495746798699244096e-02 2.524544068416787468e+00 1.881054412770222228e-01 1.255000000000018190e+01
0.000000000000000000e+00 0.000000000000000000e+00 -2.420362838566081365e-01 4.607347879189305218e-01 -1.544100288724070680e-01 -2.200895829442899299e+00 8.494097303311853864e-02 2.524606652701919529e+00 1.881006142975838458e-01 1.257000000000061846e+01
0.000000000000000000e+00 0.000000000000000000e+00 -2.409926409677609627e-01 4.608584917506064471e-01 -1.534761914434046304e-01 -2.200766799289084474e+00 8.490154160453400323e-02 2.524606386385812584e+00 1.880931740913460715e-01 1.261999999999989086e+01
0.000000000000000000e+00 0.000000000000000000e+00 -2.409308802883680656e-01 4.609122760383028705e-01 -1.534179682873739736e-01 -2.200804553428524102e+00 8.490235665826073586e-02 2.524599097569407036e+00 1.880937713537145228e-01 1.264000000000032742e+01
0.000000000000000000e+00 0.000000000000000000e+00 -2.410833382469323993e-01 4.609521684412243303e-01 -1.535522413366940953e-01 -2.200836440951050577e+00 8.491214431454174871e-02 2.524596799005962566e+00 1.880957540286321006e-01 1.265999999999985448e+01
0.000000000000000000e+00 0.000000000000000000e+00 -2.417334158639850017e-01 4.609380203980428803e-01 -1.541343917017190535e-01 -2.200850688862772131e+00 8.494081490793004008e-02 2.524603723224743135e+00 1.881009804822308951e-01 1.271000000000003638e+01
0.000000000000000000e+00 0.000000000000000000e+00 -2.418316199284209489e-01 4.608824934897448600e-01 -1.542249724675937017e-01 -2.200821660407115132e+00 8.494091477647014443e-02 2.524609582179095923e+00 1.881006475870972139e-01 1.275000000000000000e+01
0.000000000000000000e+00 0.000000000000000000e+00 -2.415537523603372705e-01 4.608763016402583901e-01 -1.539767658559210162e-01 -2.200807811969553995e+00 8.492696647036890312e-02 2.524607717966347309e+00 1.880980010707844485e-01 1.278999999999996362e+01
0.000000000000000000e+00 0.000000000000000000e+00 -2.413452872616073108e-01 4.609063679882590137e-01 -1.537888361995136677e-01 -2.200818957833169165e+00 8.491955788467198118e-02 2.524603353417049334e+00 1.880967957186303607e-01 1.282999999999992724e+01
0.000000000000000000e+00 0.000000000000000000e+00 -2.414108737689613093e-01 4.609214755098989258e-01 -1.538467203719484644e-01 -2.200830715154751260e+00 8.492453633589303053e-02 2.524602924276422300e+00 1.880978346232176079e-01 1.286999999999989086e+01
0.000000000000000000e+00 0.000000000000000000e+00 -2.415409844356686264e-01 4.609138935020942185e-01 -1.539634689099944609e-01 -2.200830485236711098e+00 8.493045042678826206e-02 2.524604568452204489e+00 1.880989124254046629e-01 1.290000000000054570e+01
0.000000000000000000e+00 0.000000000000000000e+00 -2.416273721191508628e-01 4.608981395610278753e-01 -1.540415139594220051e-01 -2.200823258303756802e+00 8.493303348418024257e-02 2.524606386385812584e+00 1.880992993618058051e-01 1.294000000000050932e+01
0.000000000000000000e+00 0.000000000000000000e+00 -2.415910865495796145e-01 4.608950103467712722e-01 -1.540092231314549309e-01 -2.200819929352419990e+00 8.493057006019100186e-02 2.524606120069705639e+00 1.880988000191052834e-01 1.297000000000025466e+01
0.000000000000000000e+00 0.000000000000000000e+00 -2.415186818580039585e-01 4.608999371947497536e-01 -1.539442253566036811e-01 -2.200820728300740825e+00 8.492721614171916400e-02 2.524605321121384804e+00 1.880982008078646572e-01 1.300000000000000000e+01
0.000000000000000000e+00 0.000000000000000000e+00 -2.414664339667726978e-01 4.609079599674714700e-01 -1.538971040504311105e-01 -2.200824323568184582e+00 8.492558495556412623e-02 2.524604255856957025e+00 1.880979344917577123e-01 1.303999999999996362e+01
0.000000000000000000e+00 0.000000000000000000e+00 -2.414841345021958574e-01 4.609089664087289151e-01 -1.539128764476691558e-01 -2.200825662972706098e+00 8.492688010052340530e-02 2.524604453269912341e+00 1.880981978624030049e-01 1.307000000000061846e+01
0.000000000000000000e+00 0.000000000000000000e+00 -2.415363253000890609e-01 4.609047641741881307e-01 -1.539597715593465921e-01 -2.200824456726238054e+00 8.492924680203461918e-02 2.524605321121384804e+00 1.880986169267817587e-01 1.311000000000058208e+01
0.000000000000000000e+00 0.000000000000000000e+00 -2.415524207798025458e-01 4.609026003558192031e-01 -1.539742857871750914e-01 -2.200823524619863747e+00 8.492976278949182500e-02 2.524605587437491749e+00 1.880987167953218631e-01 1.313000000000010914e+01
0.000000000000000000e+00 0.000000000000000000e+00 -2.415472109709604354e-01 4.609016682494448958e-01 -1.539696585448169230e-01 -2.200822858829596385e+00 8.492910532160280468e-02 2.524605321121384804e+00 1.880985669925117065e-01 1.317000000000007276e+01
0.000000000000000000e+00 0.000000000000000000e+00 -2.415181325810333846e-01 4.609040650944074002e-01 -1.539435262768229506e-01 -2.200823258303756802e+00 8.492777374106807997e-02 2.524605054805277859e+00 1.880983339659181297e-01 1.321000000000003638e+01
0.000000000000000000e+00 0.000000000000000000e+00 -2.415060984219508100e-01 4.609056297015357018e-01 -1.539326905402216283e-01 -2.200824323568184582e+00 8.492748245782610894e-02 2.524604788489170915e+00 1.880982840316480775e-01 1.325000000000000000e+01
0.000000000000000000e+00 0.000000000000000000e+00 -2.415139048128356336e-01 4.609051969378619162e-01 -1.539396979827856171e-01 -2.200824323568184582e+00 8.492796515576994665e-02 2.524605054805277859e+00 1.880983839001881819e-01 1.328000000000065484e+01
0.000000000000000000e+00 0.000000000000000000e+00 -2.415263717355919937e-01 4.609041649629475046e-01 -1.539508832592773047e-01 -2.200823790935970692e+00 8.492853107749720465e-02 2.524605054805277859e+00 1.880984837687282862e-01 1.331000000000040018e+01
0.000000000000000000e+00 0.000000000000000000e+00 -2.415334624019394028e-01 4.609034325936534060e-01 -1.539572582010872992e-01 -2.200823524619863747e+00 8.492874745933409741e-02 2.524605321121384804e+00 1.880985170582416544e-01 1.334000000000014552e+01
0.000000000000000000e+00 0.000000000000000000e+00 -2.415298338449822779e-01 4.609036656202469828e-01 -1.539540124735339077e-01 -2.200823524619863747e+00 8.492846449847046841e-02 2.524605054805277859e+00 1.880984671239716022e-01 1.338000000000010914e+01
0.000000000000000000e+00 0.000000000000000000e+00 -2.415228763366883413e-01 4.609042315419742408e-01 -1.539477540450207016e-01 -2.200823790935970692e+00 8.492814824809347130e-02 2.524605054805277859e+00 1.880984005449448659e-01 1.340999999999985448e+01
0.000000000000000000e+00 0.000000000000000000e+00 -2.415183235500997228e-01 4.609045944703531461e-01 -1.539436726383645038e-01 -2.200823861963934647e+00 8.492801842862274242e-02 2.524604982465373126e+00 1.880983824700699358e-01 1.344999999999981810e+01
0.000000000000000000e+00 0.000000000000000000e+00 -2.415203130441589963e-01 4.609044312790544495e-01 -1.539454570685983015e-01 -2.200823790935970692e+00 8.492815657047181332e-02 2.524605054805277859e+00 1.880984171897015500e-01 1.348000000000047294e+01
0.000000000000000000e+00 0.000000000000000000e+00 -2.415241912724663820e-01 4.609041316734341365e-01 -1.539489358227452698e-01 -2.200823790935970692e+00 8.492833134041699594e-02 2.524605054805277859e+00 1.880984504792149181e-01 1.351000000000021828e+01
0.000000000000000000e+00 0.000000000000000000e+00 -2.415269423098198587e-01 4.609039522974658354e-01 -1.539514123399232659e-01 -2.200823668288213852e+00 8.492841552480712153e-02 2.524605086440216084e+00 1.880984550887614404e-01 1.355000000000018190e+01
